000 000 0.5307733055
000 001 0.1735959226
000 002 0.0000038521
000 003 0.0000006886
000 004 0.0000170637
000 005 0.0000243611
000 010 0.1443737221
000 011 0.0000018598
000 012 0.0000003887
000 013 0.0000150358
000 014 0.0000215286
000 020 0.0000023164
000 021 0.0000020292
000 022 0.0000119173
000 023 0.0000024742
000 030 0.0000036736
000 031 0.0000075086
000 032 0.0000004134
000 040 0.0000092973
000 041 0.0000214834
000 050 0.0000010005
000 100 0.1508587241
000 101 0.0000049369
000 102 0.0000010810
000 103 0.0000040734
000 104 0.0000079877
000 110 0.0000021975
000 111 0.0000023608
000 112 0.0000119717
000 113 0.0000104004
000 120 0.0000052645
000 121 0.0000028679
000 122 0.0000059386
000 130 0.0000011709
000 131 0.0000047559
000 140 0.0000060093
000 200 0.0000023775
000 201 0.0000027718
000 202 0.0000091931
000 203 0.0000040971
000 210 0.0000087045
000 211 0.0000036806
000 212 0.0000027401
000 220 0.0000131640
000 221 0.0000093388
000 230 0.0000135737
000 300 0.0000006045
000 301 0.0000131326
000 302 0.0000026684
000 310 0.0000176541
000 311 0.0000171429
000 320 0.0000117829
000 400 0.0000067872
000 401 0.0000115145
000 410 0.0000201880
000 500 0.0000093003
001 000 0.1221847329
001 001 0.3656538963
001 002 0.1913703669
001 003 0.0000049818
001 004 0.0000162058
001 005 0.0000230420
001 010 0.0000043869
001 011 0.1736729936
001 012 0.0000039873
001 013 0.0000167532
001 014 0.0000067065
001 020 0.0000031518
001 021 0.0000019471
001 022 0.0000064957
001 023 0.0000236844
001 030 0.0000083887
001 031 0.0000039083
001 032 0.0000041304
001 040 0.0000006770
001 041 0.0000009874
001 050 0.0000398972
001 100 0.0000051780
001 101 0.1465513286
001 102 0.0000059842
001 103 0.0000116423
001 104 0.0000111724
001 110 0.0000025241
001 111 0.0000088399
001 112 0.0000163343
001 113 0.0000142345
001 120 0.0000056557
001 121 0.0000090554
001 122 0.0000207974
001 130 0.0000004809
001 131 0.0000060707
001 140 0.0000309175
001 200 0.0000073307
001 201 0.0000079905
001 202 0.0000016334
001 203 0.0000032148
001 210 0.0000087533
001 211 0.0000128368
001 212 0.0000148039
001 220 0.0000091399
001 221 0.0000089447
001 230 0.0000064644
001 300 0.0000071630
001 301 0.0000080790
001 302 0.0000243015
001 310 0.0000167352
001 311 0.0000250501
001 320 0.0000294918
001 400 0.0000196509
001 401 0.0000088136
001 410 0.0000086179
001 500 0.0000194478
002 000 0.0000126730
002 001 0.1006610187
002 002 0.3881842060
002 003 0.2264376425
002 004 0.0000236405
002 005 0.0000304207
002 010 0.0000080903
002 011 0.0000071476
002 012 0.1439001273
002 013 0.0000163320
002 014 0.0000585707
002 020 0.0000097766
002 021 0.0000173616
002 022 0.0000317002
002 023 0.0000086634
002 030 0.0000099594
002 031 0.0000355963
002 032 0.0000162689
002 040 0.0000479179
002 041 0.0000376200
002 050 0.0000035237
002 100 0.0000143624
002 101 0.0000057296
002 102 0.1395169721
002 103 0.0000144453
002 104 0.0000382439
002 110 0.0000045813
002 111 0.0000197186
002 112 0.0000294690
002 113 0.0000359087
002 120 0.0000079616
002 121 0.0000351018
002 122 0.0000174879
002 130 0.0000294058
002 131 0.0000325289
002 140 0.0000502397
002 200 0.0000206999
002 201 0.0000223973
002 202 0.0000424880
002 203 0.0000033827
002 210 0.0000203817
002 211 0.0000323567
002 212 0.0000184760
002 220 0.0000250796
002 221 0.0000267358
002 230 0.0000685204
002 300 0.0000196950
002 301 0.0000130915
002 302 0.0000244585
002 310 0.0000359122
002 311 0.0000053835
002 320 0.0000427111
002 400 0.0000427450
002 401 0.0000633347
002 410 0.0000179804
002 500 0.0000437561
003 000 0.0000076684
003 001 0.0000330964
003 002 0.0821892604
003 003 0.3205560110
003 004 0.2774174612
003 005 0.0000158502
003 010 0.0000156073
003 011 0.0000432036
003 012 0.0000126605
003 013 0.1759991322
003 014 0.0000038152
003 020 0.0000075001
003 021 0.0000661001
003 022 0.0000022052
003 023 0.0000873056
003 030 0.0000247252
003 031 0.0001099442
003 032 0.0001334372
003 040 0.0001243936
003 041 0.0001411596
003 050 0.0001622479
003 100 0.0000246555
003 101 0.0000398772
003 102 0.0000472869
003 103 0.1403692147
003 104 0.0001592976
003 110 0.0000169204
003 111 0.0000128846
003 112 0.0000338818
003 113 0.0001197375
003 120 0.0000456954
003 121 0.0000783242
003 122 0.0001348552
003 130 0.0000441764
003 131 0.0001042850
003 140 0.0001018160
003 200 0.0000549263
003 201 0.0000353913
003 202 0.0000932766
003 203 0.0000875435
003 210 0.0000411302
003 211 0.0000693090
003 212 0.0001068126
003 220 0.0001227748
003 221 0.0001082280
003 230 0.0000649000
003 300 0.0000764508
003 301 0.0000174037
003 302 0.0000230296
003 310 0.0000881874
003 311 0.0000464844
003 320 0.0001460769
003 400 0.0000778572
003 401 0.0000371497
003 410 0.0001721649
003 500 0.0000452096
004 000 0.0000248692
004 001 0.0000416080
004 002 0.0000950010
004 003 0.0555972793
004 004 0.3683656838
004 005 0.2521792451
004 010 0.0000652825
004 011 0.0000229965
004 012 0.0000202395
004 013 0.0003309805
004 014 0.1528046536
004 020 0.0001238453
004 021 0.0001027382
004 022 0.0005486932
004 023 0.0008222594
004 030 0.0003140927
004 031 0.0006817479
004 032 0.0003552149
004 040 0.0007736445
004 041 0.0002755717
004 050 0.0003393439
004 100 0.0001175185
004 101 0.0002420088
004 102 0.0000880492
004 103 0.0003040329
004 104 0.1547432923
004 110 0.0002925790
004 111 0.0002467756
004 112 0.0004808721
004 113 0.0007634629
004 120 0.0001268392
004 121 0.0000193522
004 122 0.0000675358
004 130 0.0000910679
004 131 0.0008479339
004 140 0.0000941621
004 200 0.0001345518
004 201 0.0004086547
004 202 0.0002182365
004 203 0.0009925950
004 210 0.0001097712
004 211 0.0005126194
004 212 0.0006629798
004 220 0.0003947386
004 221 0.0007154175
004 230 0.0001870326
004 300 0.0000264266
004 301 0.0002679820
004 302 0.0003211517
004 310 0.0001922467
004 311 0.0000235240
004 320 0.0005259071
004 400 0.0000080722
004 401 0.0004091731
004 410 0.0005557485
004 500 0.0009226977
005 000 0.0099364744
005 001 0.0072066556
005 002 0.0046396737
005 003 0.0001262060
005 004 0.0077646517
005 005 0.0418588462
005 010 0.0097414813
005 011 0.0108655571
005 012 0.0071158053
005 013 0.0203839389
005 014 0.0469634823
005 020 0.0096418366
005 021 0.0026354356
005 022 0.0249930028
005 023 0.0190898482
005 030 0.0026234012
005 031 0.0022447887
005 032 0.0373333303
005 040 0.0240732998
005 041 0.0115344772
005 050 0.0387638739
005 100 0.0093647987
005 101 0.0091523725
005 102 0.0142742900
005 103 0.0182215394
005 104 0.0245687104
005 110 0.0023456461
005 111 0.0116760934
005 112 0.0222558325
005 113 0.0017374204
005 120 0.0137938501
005 121 0.0073665559
005 122 0.0292901642
005 130 0.0058624877
005 131 0.0198682348
005 140 0.0220501183
005 200 0.0011400395
005 201 0.0120464811
005 202 0.0011400727
005 203 0.0449046073
005 210 0.0029097676
005 211 0.0241136365
005 212 0.0239372021
005 220 0.0185884611
005 221 0.0053265267
005 230 0.0531184639
005 300 0.0033601727
005 301 0.0112569321
005 302 0.0336005303
005 310 0.0164101671
005 311 0.0179538726
005 320 0.0361995580
005 400 0.0173382561
005 401 0.0451873911
005 410 0.0395327448
005 500 0.0405709356
010 000 0.1209254086
010 001 0.0000044520
010 002 0.0000058557
010 003 0.0000086296
010 004 0.0000155627
010 005 0.0000206823
010 010 0.3817733459
010 011 0.1591458594
010 012 0.0000049768
010 013 0.0000103473
010 014 0.0000151279
010 020 0.1921782549
010 021 0.0000123710
010 022 0.0000084845
010 023 0.0000007745
010 030 0.0000092385
010 031 0.0000222137
010 032 0.0000168519
010 040 0.0000032127
010 041 0.0000148023
010 050 0.0000009398
010 100 0.0000016348
010 101 0.0000087490
010 102 0.0000092018
010 103 0.0000039059
010 104 0.0000298436
010 110 0.1453546854
010 111 0.0000016091
010 112 0.0000117237
010 113 0.0000191396
010 120 0.0000064360
010 121 0.0000134535
010 122 0.0000239294
010 130 0.0000215888
010 131 0.0000282486
010 140 0.0000070762
010 200 0.0000024383
010 201 0.0000125486
010 202 0.0000030731
010 203 0.0000208203
010 210 0.0000047242
010 211 0.0000168262
010 212 0.0000111252
010 220 0.0000020523
010 221 0.0000215181
010 230 0.0000081860
010 300 0.0000139908
010 301 0.0000181707
010 302 0.0000186931
010 310 0.0000120148
010 311 0.0000059301
010 320 0.0000232449
010 400 0.0000202928
010 401 0.0000196126
010 410 0.0000242762
010 500 0.0000018444
011 000 0.0000035245
011 001 0.1195403762
011 002 0.0000075583
011 003 0.0000089326
011 004 0.0000042419
011 005 0.0000698497
011 010 0.1224870842
011 011 0.2471194525
011 012 0.2156268841
011 013 0.0000295851
011 014 0.0000481004
011 020 0.0000052231
011 021 0.1652740947
011 022 0.0000137077
011 023 0.0000069223
011 030 0.0000191300
011 031 0.0000082232
011 032 0.0000082818
011 040 0.0000318845
011 041 0.0000260419
011 050 0.0000243732
011 100 0.0000109512
011 101 0.0000142578
011 102 0.0000065597
011 103 0.0000208521
011 104 0.0000039917
011 110 0.0000100951
011 111 0.1290904339
011 112 0.0000041688
011 113 0.0000012538
011 120 0.0000055135
011 121 0.0000148767
011 122 0.0000023516
011 130 0.0000040453
011 131 0.0000372314
011 140 0.0000390889
011 200 0.0000051549
011 201 0.0000047782
011 202 0.0000231713
011 203 0.0000272163
011 210 0.0000036291
011 211 0.0000141821
011 212 0.0000289376
011 220 0.0000331589
011 221 0.0000096958
011 230 0.0000454651
011 300 0.0000135118
011 301 0.0000324415
011 302 0.0000282976
011 310 0.0000050691
011 311 0.0000517702
011 320 0.0000167040
011 400 0.0000011597
011 401 0.0000047447
011 410 0.0000202076
011 500 0.0000015607
012 000 0.0000143664
012 001 0.0000181146
012 002 0.1047555999
012 003 0.0000031833
012 004 0.0000639699
012 005 0.0001050370
012 010 0.0000008852
012 011 0.0814452104
012 012 0.2041070687
012 013 0.2270133503
012 014 0.0000017137
012 020 0.0000192193
012 021 0.0000009316
012 022 0.1869956088
012 023 0.0000461780
012 030 0.0000056927
012 031 0.0000348868
012 032 0.0000359744
012 040 0.0000428445
012 041 0.0000571887
012 050 0.0001416938
012 100 0.0000137687
012 101 0.0000288444
012 102 0.0000374081
012 103 0.0000104169
012 104 0.0000956483
012 110 0.0000330234
012 111 0.0000426738
012 112 0.1936294793
012 113 0.0000392178
012 120 0.0000220304
012 121 0.0000572559
012 122 0.0000151546
012 130 0.0000578034
012 131 0.0000084241
012 140 0.0000860464
012 200 0.0000348580
012 201 0.0000232141
012 202 0.0000105121
012 203 0.0000628282
012 210 0.0000408876
012 211 0.0000095401
012 212 0.0001018699
012 220 0.0000682065
012 221 0.0000418560
012 230 0.0001008420
012 300 0.0000272282
012 301 0.0000042282
012 302 0.0000725221
012 310 0.0000342188
012 311 0.0000343689
012 320 0.0000335832
012 400 0.0000962505
012 401 0.0000541533
012 410 0.0000263628
012 500 0.0000365559
013 000 0.0000543835
013 001 0.0000424236
013 002 0.0001258545
013 003 0.0791746345
013 004 0.0002365850
013 005 0.0000813781
013 010 0.0000123955
013 011 0.0000774177
013 012 0.0715838293
013 013 0.2523195733
013 014 0.2421501085
013 020 0.0000577194
013 021 0.0001695383
013 022 0.0001200037
013 023 0.2073297368
013 030 0.0001055355
013 031 0.0001680294
013 032 0.0002216246
013 040 0.0001939141
013 041 0.0000831864
013 050 0.0001594967
013 100 0.0000878890
013 101 0.0000846489
013 102 0.0001361058
013 103 0.0002150079
013 104 0.0003125324
013 110 0.0001186712
013 111 0.0001489595
013 112 0.0001236572
013 113 0.1374383162
013 120 0.0001691113
013 121 0.0001776902
013 122 0.0002718036
013 130 0.0002791225
013 131 0.0002505834
013 140 0.0006104619
013 200 0.0000934854
013 201 0.0001378995
013 202 0.0002830110
013 203 0.0005438155
013 210 0.0000176533
013 211 0.0002110088
013 212 0.0002843685
013 220 0.0002644158
013 221 0.0002832818
013 230 0.0003975428
013 300 0.0002026150
013 301 0.0002011732
013 302 0.0000781091
013 310 0.0003505874
013 311 0.0002874340
013 320 0.0004251973
013 400 0.0004093084
013 401 0.0001505358
013 410 0.0001760585
013 500 0.0003105696
014 000 0.0057771256
014 001 0.0027625801
014 002 0.0076305884
014 003 0.0086702073
014 004 0.0082580571
014 005 0.0381431542
014 010 0.0090772306
014 011 0.0007221450
014 012 0.0056555815
014 013 0.0000376478
014 014 0.0444222341
014 020 0.0117422066
014 021 0.0081184157
014 022 0.0189930770
014 023 0.0385253011
014 030 0.0196206352
014 031 0.0294874328
014 032 0.0369960539
014 040 0.0233367285
014 041 0.0175429041
014 050 0.0180373937
014 100 0.0019235084
014 101 0.0051235128
014 102 0.0097390797
014 103 0.0183245139
014 104 0.0415867683
014 110 0.0062584615
014 111 0.0145440355
014 112 0.0129041775
014 113 0.0327959638
014 120 0.0084896189
014 121 0.0022632690
014 122 0.0124308806
014 130 0.0216110154
014 131 0.0070179901
014 140 0.0140716470
014 200 0.0144889383
014 201 0.0058067370
014 202 0.0234081732
014 203 0.0412534230
014 210 0.0106744281
014 211 0.0093694029
014 212 0.0359677212
014 220 0.0270387436
014 221 0.0153199277
014 230 0.0181641231
014 300 0.0066267329
014 301 0.0189901378
014 302 0.0357260363
014 310 0.0345418230
014 311 0.0191597338
014 320 0.0296776928
014 400 0.0208932182
014 401 0.0104064614
014 410 0.0470724161
014 500 0.0127729871
020 000 0.0000154281
020 001 0.0000168473
020 002 0.0000076634
020 003 0.0000009987
020 004 0.0000345855
020 005 0.0000889950
020 010 0.1004779984
020 011 0.0000156021
020 012 0.0000092346
020 013 0.0000440619
020 014 0.0000248760
020 020 0.3610657261
020 021 0.1638875706
020 022 0.0000254750
020 023 0.0000168653
020 030 0.2305364512
020 031 0.0000085599
020 032 0.0000481399
020 040 0.0000063480
020 041 0.0000340685
020 050 0.0000662715
020 100 0.0000104302
020 101 0.0000102221
020 102 0.0000014587
020 103 0.0000334301
020 104 0.0000200153
020 110 0.0000098550
020 111 0.0000119435
020 112 0.0000408193
020 113 0.0000106847
020 120 0.1426494377
020 121 0.0000067538
020 122 0.0000012749
020 130 0.0000322439
020 131 0.0000366514
020 140 0.0000575000
020 200 0.0000134527
020 201 0.0000025889
020 202 0.0000092026
020 203 0.0000566133
020 210 0.0000116246
020 211 0.0000150226
020 212 0.0000252164
020 220 0.0000498605
020 221 0.0000552894
020 230 0.0000145535
020 300 0.0000156208
020 301 0.0000065337
020 302 0.0000623911
020 310 0.0000417427
020 311 0.0000488006
020 320 0.0000127876
020 400 0.0000377797
020 401 0.0000520513
020 410 0.0000747191
020 500 0.0000296612
021 000 0.0000012862
021 001 0.0000123736
021 002 0.0000253310
021 003 0.0000247461
021 004 0.0000617465
021 005 0.0000842184
021 010 0.0000148934
021 011 0.0813851318
021 012 0.0000453071
021 013 0.0000815122
021 014 0.0000355970
021 020 0.1048479217
021 021 0.2160946027
021 022 0.2395289719
021 023 0.0000272814
021 030 0.0000103225
021 031 0.1918130777
021 032 0.0000215111
021 040 0.0000817851
021 041 0.0000167707
021 050 0.0001698584
021 100 0.0000003494
021 101 0.0000078302
021 102 0.0000446820
021 103 0.0000649123
021 104 0.0000912949
021 110 0.0000123855
021 111 0.0000502950
021 112 0.0000273967
021 113 0.0000761121
021 120 0.0000507595
021 121 0.1639071228
021 122 0.0000666278
021 130 0.0000239873
021 131 0.0000966624
021 140 0.0000440865
021 200 0.0000317347
021 201 0.0000246172
021 202 0.0000347173
021 203 0.0001219192
021 210 0.0000204376
021 211 0.0000578765
021 212 0.0000858715
021 220 0.0000010355
021 221 0.0001036622
021 230 0.0000398642
021 300 0.0000017740
021 301 0.0000507505
021 302 0.0000402738
021 310 0.0000416410
021 311 0.0000514269
021 320 0.0000972420
021 400 0.0001167180
021 401 0.0000281569
021 410 0.0000124251
021 500 0.0000891049
022 000 0.0000415828
022 001 0.0000030410
022 002 0.0000679744
022 003 0.0000992005
022 004 0.0000969622
022 005 0.0003374401
022 010 0.0000453400
022 011 0.0000377750
022 012 0.0643275901
022 013 0.0001724423
022 014 0.0003587273
022 020 0.0000770486
022 021 0.0747666050
022 022 0.2479680150
022 023 0.2529285378
022 030 0.0001616358
022 031 0.0000273649
022 032 0.2133456727
022 040 0.0000176016
022 041 0.0002997488
022 050 0.0000192695
022 100 0.0000906274
022 101 0.0001114301
022 102 0.0000238983
022 103 0.0002303013
022 104 0.0002419220
022 110 0.0000144032
022 111 0.0000547415
022 112 0.0001584405
022 113 0.0001338716
022 120 0.0000304407
022 121 0.0000911119
022 122 0.1403108603
022 130 0.0000659745
022 131 0.0001782584
022 140 0.0004460470
022 200 0.0000931740
022 201 0.0001274050
022 202 0.0000433447
022 203 0.0002749639
022 210 0.0001320793
022 211 0.0000049263
022 212 0.0000463395
022 220 0.0000485268
022 221 0.0000327943
022 230 0.0000698048
022 300 0.0000712277
022 301 0.0002232954
022 302 0.0002793292
022 310 0.0002577170
022 311 0.0002940934
022 320 0.0001918706
022 400 0.0001238367
022 401 0.0002041022
022 410 0.0000848027
022 500 0.0000144624
023 000 0.0000039784
023 001 0.0063960878
023 002 0.0162371053
023 003 0.0132449257
023 004 0.0192487357
023 005 0.0273159772
023 010 0.0004315195
023 011 0.0037502710
023 012 0.0085426598
023 013 0.0253685953
023 014 0.0256482384
023 020 0.0075525079
023 021 0.0098029974
023 022 0.0120584790
023 023 0.0467323448
023 030 0.0073853264
023 031 0.0301128013
023 032 0.0328853577
023 040 0.0372878037
023 041 0.0203703787
023 050 0.0002039154
023 100 0.0092886246
023 101 0.0109830224
023 102 0.0105401810
023 103 0.0187762778
023 104 0.0407736096
023 110 0.0055608884
023 111 0.0200151170
023 112 0.0137681055
023 113 0.0335753614
023 120 0.0031793733
023 121 0.0309763718
023 122 0.0121703688
023 130 0.0311382173
023 131 0.0375053829
023 140 0.0197333521
023 200 0.0082631001
023 201 0.0126894856
023 202 0.0211254743
023 203 0.0078426414
023 210 0.0057498190
023 211 0.0132355525
023 212 0.0230458192
023 220 0.0114802498
023 221 0.0135205690
023 230 0.0115214628
023 300 0.0064092897
023 301 0.0071234821
023 302 0.0216948104
023 310 0.0087564403
023 311 0.0063548178
023 320 0.0583945330
023 400 0.0170766873
023 401 0.0510574469
023 410 0.0102465043
023 500 0.0358475544
030 000 0.0000359857
030 001 0.0000143399
030 002 0.0000146910
030 003 0.0000532097
030 004 0.0001182576
030 005 0.0002838789
030 010 0.0000536024
030 011 0.0000270630
030 012 0.0000095062
030 013 0.0000551483
030 014 0.0001802458
030 020 0.0725337884
030 021 0.0000098163
030 022 0.0000921991
030 023 0.0001341866
030 030 0.3375939653
030 031 0.1733928518
030 032 0.0001699031
030 040 0.2687703381
030 041 0.0000689657
030 050 0.0002825730
030 100 0.0000243439
030 101 0.0000579345
030 102 0.0000637315
030 103 0.0000679812
030 104 0.0000421142
030 110 0.0000080904
030 111 0.0000744227
030 112 0.0001022788
030 113 0.0000520970
030 120 0.0000563102
030 121 0.0000057110
030 122 0.0000620497
030 130 0.1431623769
030 131 0.0001182042
030 140 0.0001523982
030 200 0.0000731554
030 201 0.0000559871
030 202 0.0001077890
030 203 0.0000242480
030 210 0.0000707554
030 211 0.0000404942
030 212 0.0001280496
030 220 0.0001049263
030 221 0.0001632685
030 230 0.0001166441
030 300 0.0000878279
030 301 0.0001270727
030 302 0.0000884393
030 310 0.0000189459
030 311 0.0001619533
030 320 0.0002087410
030 400 0.0001754103
030 401 0.0000865932
030 410 0.0000056865
030 500 0.0002094521
031 000 0.0000323444
031 001 0.0000686448
031 002 0.0000693245
031 003 0.0001313168
031 004 0.0002043146
031 005 0.0006043761
031 010 0.0000505664
031 011 0.0000787264
031 012 0.0000632596
031 013 0.0004685782
031 014 0.0003116912
031 020 0.0001772930
031 021 0.0666290428
031 022 0.0003001687
031 023 0.0005452442
031 030 0.0960090391
031 031 0.2411563419
031 032 0.1825660173
031 040 0.0001632393
031 041 0.2522227206
031 050 0.0010027690
031 100 0.0000533224
031 101 0.0001286139
031 102 0.0001922443
031 103 0.0002679843
031 104 0.0006714999
031 110 0.0002024937
031 111 0.0002359313
031 112 0.0003078733
031 113 0.0002096548
031 120 0.0001090653
031 121 0.0000666540
031 122 0.0001922393
031 130 0.0004072401
031 131 0.1490982848
031 140 0.0008125260
031 200 0.0001911282
031 201 0.0001046462
031 202 0.0004291327
031 203 0.0003184610
031 210 0.0000371356
031 211 0.0001345538
031 212 0.0002383655
031 220 0.0004222020
031 221 0.0001445726
031 230 0.0000976763
031 300 0.0000633887
031 301 0.0000904823
031 302 0.0000894719
031 310 0.0003160012
031 311 0.0003542076
031 320 0.0001360097
031 400 0.0002968970
031 401 0.0001712648
031 410 0.0002178476
031 500 0.0003359092
032 000 0.0106528893
032 001 0.0024554576
032 002 0.0130270038
032 003 0.0203067367
032 004 0.0350849491
032 005 0.0012505749
032 010 0.0052449333
032 011 0.0052302228
032 012 0.0084064664
032 013 0.0157495678
032 014 0.0420832503
032 020 0.0168086517
032 021 0.0141534126
032 022 0.0268177722
032 023 0.0007021072
032 030 0.0043851070
032 031 0.0385643511
032 032 0.0472530306
032 040 0.0099180842
032 041 0.0646124733
032 050 0.0014779617
032 100 0.0044480486
032 101 0.0109701065
032 102 0.0069824822
032 103 0.0051980487
032 104 0.0128713772
032 110 0.0163943184
032 111 0.0197955117
032 112 0.0227933019
032 113 0.0390056023
032 120 0.0213976167
032 121 0.0058203425
032 122 0.0217138062
032 130 0.0385564789
032 131 0.0253526391
032 140 0.0207891657
032 200 0.0167793072
032 201 0.0169715836
032 202 0.0147415713
032 203 0.0006829086
032 210 0.0143066254
032 211 0.0116169014
032 212 0.0182311811
032 220 0.0326436368
032 221 0.0240436805
032 230 0.0218022078
032 300 0.0013598897
032 301 0.0015741922
032 302 0.0168879820
032 310 0.0104941349
032 311 0.0049417680
032 320 0.0044294175
032 400 0.0071690044
032 401 0.0594485635
032 410 0.0394611008
032 500 0.0261404930
040 000 0.0002743452
040 001 0.0002573585
040 002 0.0003298124
040 003 0.0004078263
040 004 0.0000039521
040 005 0.0000640976
040 010 0.0002178762
040 011 0.0000078331
040 012 0.0002486448
040 013 0.0004017801
040 014 0.0007106406
040 020 0.0000133780
040 021 0.0003487169
040 022 0.0003580510
040 023 0.0007170374
040 030 0.0579628739
040 031 0.0005601642
040 032 0.0006967706
040 040 0.3224391082
040 041 0.1676150254
040 050 0.2973867155
040 100 0.0001567190
040 101 0.0001446075
040 102 0.0001209020
040 103 0.0002020005
040 104 0.0008484402
040 110 0.0000734321
040 111 0.0001712029
040 112 0.0004246074
040 113 0.0003792327
040 120 0.0000764192
040 121 0.0000885078
040 122 0.0003093295
040 130 0.0005771342
040 131 0.0009101944
040 140 0.1360367786
040 200 0.0002232551
040 201 0.0002576041
040 202 0.0006092778
040 203 0.0009521616
040 210 0.0001147516
040 211 0.0002745468
040 212 0.0004876449
040 220 0.0000954554
040 221 0.0006099755
040 230 0.0009156163
040 300 0.0004313538
040 301 0.0006897445
040 302 0.0004092498
040 310 0.0001771572
040 311 0.0001013554
040 320 0.0010113860
040 400 0.0002618643
040 401 0.0000397118
040 410 0.0002346900
040 500 0.0005616822
041 000 0.0006421391
041 001 0.0031846552
041 002 0.0077674743
041 003 0.0088407024
041 004 0.0106972774
041 005 0.0198522484
041 010 0.0042494602
041 011 0.0011673139
041 012 0.0210423156
041 013 0.0118089454
041 014 0.0352959547
041 020 0.0132626649
041 021 0.0163573705
041 022 0.0023725424
041 023 0.0292142429
041 030 0.0166993120
041 031 0.0051578514
041 032 0.0306057564
041 040 0.0309130504
041 041 0.0126375355
041 050 0.0782529508
041 100 0.0058217780
041 101 0.0087171508
041 102 0.0153621029
041 103 0.0080246416
041 104 0.0027634778
041 110 0.0032421537
041 111 0.0185956857
041 112 0.0195508348
041 113 0.0211869518
041 120 0.0064965343
041 121 0.0020864954
041 122 0.0342076224
041 130 0.0296579574
041 131 0.0049243859
041 140 0.0141653065
041 200 0.0186493917
041 201 0.0160601534
041 202 0.0144903346
041 203 0.0197506949
041 210 0.0000431366
041 211 0.0249839782
041 212 0.0326787055
041 220 0.0139081031
041 221 0.0202732582
041 230 0.0136227811
041 300 0.0251227751
041 301 0.0278144046
041 302 0.0160151841
041 310 0.0099529336
041 311 0.0064131416
041 320 0.0376963512
041 400 0.0214945444
041 401 0.0497118389
041 410 0.0081835189
041 500 0.0683099273
050 000 0.0052759035
050 001 0.0007926083
050 002 0.0022186374
050 003 0.0127886786
050 004 0.0195806469
050 005 0.0393467336
050 010 0.0094831080
050 011 0.0055587045
050 012 0.0061790133
050 013 0.0364259672
050 014 0.0513475519
050 020 0.0097319226
050 021 0.0035460348
050 022 0.0194873701
050 023 0.0374864996
050 030 0.0091829098
050 031 0.0171213468
050 032 0.0210586350
050 040 0.0246949237
050 041 0.0411104481
050 050 0.0511300501
050 100 0.0065721448
050 101 0.0020811555
050 102 0.0014288740
050 103 0.0325371693
050 104 0.0075403386
050 110 0.0174530122
050 111 0.0095817803
050 112 0.0204565093
050 113 0.0239292641
050 120 0.0154225543
050 121 0.0004148101
050 122 0.0214702153
050 130 0.0095907569
050 131 0.0294757747
050 140 0.0291143492
050 200 0.0146102176
050 201 0.0069082416
050 202 0.0241010930
050 203 0.0408546865
050 210 0.0035749453
050 211 0.0009958753
050 212 0.0097029350
050 220 0.0170893092
050 221 0.0210563799
050 230 0.0234822588
050 300 0.0162626535
050 301 0.0124868991
050 302 0.0255114649
050 310 0.0322756294
050 311 0.0179722014
050 320 0.0069637109
050 400 0.0136748110
050 401 0.0054578864
050 410 0.0526896198
050 500 0.0037127790
100 000 0.1152278486
100 001 0.0000067183
100 002 0.0000029062
100 003 0.0000027760
100 004 0.0000055807
100 005 0.0000201668
100 010 0.0000027133
100 011 0.0000066943
100 012 0.0000027788
100 013 0.0000094572
100 014 0.0000079571
100 020 0.0000012785
100 021 0.0000010319
100 022 0.0000030241
100 023 0.0000126795
100 030 0.0000004409
100 031 0.0000125302
100 032 0.0000040093
100 040 0.0000239422
100 041 0.0000092725
100 050 0.0000316264
100 100 0.3811550123
100 101 0.1766964539
100 102 0.0000025620
100 103 0.0000000619
100 104 0.0000126874
100 110 0.1612027785
100 111 0.0000086687
100 112 0.0000152255
100 113 0.0000228906
100 120 0.0000036357
100 121 0.0000028648
100 122 0.0000009417
100 130 0.0000076141
100 131 0.0000097072
100 140 0.0000321429
100 200 0.1651485423
100 201 0.0000016204
100 202 0.0000164287
100 203 0.0000113779
100 210 0.0000062053
100 211 0.0000116493
100 212 0.0000208791
100 220 0.0000151747
100 221 0.0000171446
100 230 0.0000112685
100 300 0.0000028067
100 301 0.0000119666
100 302 0.0000150779
100 310 0.0000191211
100 311 0.0000317670
100 320 0.0000072098
100 400 0.0000257111
100 401 0.0000026152
100 410 0.0000297507
100 500 0.0000250032
101 000 0.0000000877
101 001 0.1207412407
101 002 0.0000093871
101 003 0.0000183108
101 004 0.0000117529
101 005 0.0000305082
101 010 0.0000023045
101 011 0.0000034517
101 012 0.0000032581
101 013 0.0000008898
101 014 0.0000119517
101 020 0.0000078046
101 021 0.0000028023
101 022 0.0000022773
101 023 0.0000269755
101 030 0.0000217198
101 031 0.0000153927
101 032 0.0000364624
101 040 0.0000377063
101 041 0.0000099483
101 050 0.0000228444
101 100 0.1121764120
101 101 0.2456407980
101 102 0.1933868755
101 103 0.0000103119
101 104 0.0000385642
101 110 0.0000101441
101 111 0.1588878698
101 112 0.0000034680
101 113 0.0000232729
101 120 0.0000134754
101 121 0.0000113150
101 122 0.0000369675
101 130 0.0000293440
101 131 0.0000072757
101 140 0.0000280642
101 200 0.0000037329
101 201 0.1682397379
101 202 0.0000258794
101 203 0.0000290689
101 210 0.0000098552
101 211 0.0000079446
101 212 0.0000180531
101 220 0.0000015543
101 221 0.0000345390
101 230 0.0000462664
101 300 0.0000026688
101 301 0.0000130945
101 302 0.0000385800
101 310 0.0000304878
101 311 0.0000189307
101 320 0.0000442993
101 400 0.0000230467
101 401 0.0000022359
101 410 0.0000365866
101 500 0.0000522028
102 000 0.0000188864
102 001 0.0000270027
102 002 0.0814391806
102 003 0.0000292404
102 004 0.0000892166
102 005 0.0000419826
102 010 0.0000020336
102 011 0.0000068835
102 012 0.0000267224
102 013 0.0000288709
102 014 0.0000363340
102 020 0.0000042990
102 021 0.0000373902
102 022 0.0000437342
102 023 0.0000976796
102 030 0.0000021473
102 031 0.0000445653
102 032 0.0000935761
102 040 0.0000330621
102 041 0.0000435906
102 050 0.0001375020
102 100 0.0000239352
102 101 0.0892148259
102 102 0.2265754358
102 103 0.2397901061
102 104 0.0001041708
102 110 0.0000305120
102 111 0.0000247170
102 112 0.1790722603
102 113 0.0000813580
102 120 0.0000273131
102 121 0.0000650603
102 122 0.0000309749
102 130 0.0000216174
102 131 0.0000567674
102 140 0.0000905238
102 200 0.0000075245
102 201 0.0000462002
102 202 0.1818324380
102 203 0.0000579709
102 210 0.0000139676
102 211 0.0000133061
102 212 0.0000125543
102 220 0.0000756604
102 221 0.0000824052
102 230 0.0000089256
102 300 0.0000503061
102 301 0.0000008905
102 302 0.0000118788
102 310 0.0000234521
102 311 0.0000398504
102 320 0.0000104587
102 400 0.0000102758
102 401 0.0000480122
102 410 0.0000264022
102 500 0.0001340419
103 000 0.0000618115
103 001 0.0001150853
103 002 0.0000066264
103 003 0.0768285052
103 004 0.0001427637
103 005 0.0001652746
103 010 0.0000906970
103 011 0.0000288539
103 012 0.0001641415
103 013 0.0000407991
103 014 0.0003597147
103 020 0.0001142798
103 021 0.0001552415
103 022 0.0001740542
103 023 0.0002734808
103 030 0.0000751409
103 031 0.0000787073
103 032 0.0000282235
103 040 0.0001831782
103 041 0.0003504252
103 050 0.0002361022
103 100 0.0000781368
103 101 0.0000343938
103 102 0.0636142703
103 103 0.2456856466
103 104 0.2599049430
103 110 0.0000211124
103 111 0.0000417534
103 112 0.0002538378
103 113 0.1716195258
103 120 0.0000884668
103 121 0.0001910521
103 122 0.0003789043
103 130 0.0001358486
103 131 0.0002888934
103 140 0.0005540714
103 200 0.0001430495
103 201 0.0001562219
103 202 0.0002810279
103 203 0.1735588126
103 210 0.0000620750
103 211 0.0001775750
103 212 0.0003640296
103 220 0.0003556161
103 221 0.0000987905
103 230 0.0000209222
103 300 0.0002294782
103 301 0.0001707966
103 302 0.0000755176
103 310 0.0003485114
103 311 0.0001828055
103 320 0.0002383542
103 400 0.0003941560
103 401 0.0001093535
103 410 0.0001154179
103 500 0.0003535261
104 000 0.0000729441
104 001 0.0010551044
104 002 0.0085103460
104 003 0.0142064988
104 004 0.0132363981
104 005 0.0432796966
104 010 0.0001616073
104 011 0.0121323568
104 012 0.0061022087
104 013 0.0166095673
104 014 0.0196030599
104 020 0.0060895615
104 021 0.0106594873
104 022 0.0124068479
104 023 0.0307559886
104 030 0.0085290422
104 031 0.0180167702
104 032 0.0269867763
104 040 0.0147535777
104 041 0.0233059836
104 050 0.0090071801
104 100 0.0022115769
104 101 0.0060346734
104 102 0.0094670117
104 103 0.0149966609
104 104 0.0490364926
104 110 0.0037328055
104 111 0.0056786614
104 112 0.0054313065
104 113 0.0346765816
104 120 0.0057309882
104 121 0.0141515417
104 122 0.0188305169
104 130 0.0308404700
104 131 0.0317023556
104 140 0.0416393750
104 200 0.0138634200
104 201 0.0058181240
104 202 0.0328824524
104 203 0.0146212853
104 210 0.0089989340
104 211 0.0202772600
104 212 0.0027948823
104 220 0.0050847544
104 221 0.0296978256
104 230 0.0521396018
104 300 0.0072656300
104 301 0.0210308343
104 302 0.0135007181
104 310 0.0157298347
104 311 0.0209463637
104 320 0.0539903067
104 400 0.0430716681
104 401 0.0071579491
104 410 0.0341821209
104 500 0.0273040131
110 000 0.0000012661
110 001 0.0000147601
110 002 0.0000037622
110 003 0.0000207306
110 004 0.0000445890
110 005 0.0000649453
110 010 0.1099556261
110 011 0.0000019846
110 012 0.0000127573
110 013 0.0000128977
110 014 0.0000552338
110 020 0.0000110779
110 021 0.0000064127
110 022 0.0000285307
110 023 0.0000491921
110 030 0.0000160883
110 031 0.0000190758
110 032 0.0000360112
110 040 0.0000204406
110 041 0.0000599903
110 050 0.0000998862
110 100 0.1079981434
110 101 0.0000113644
110 102 0.0000186499
110 103 0.0000209081
110 104 0.0000188695
110 110 0.2512733900
110 111 0.1655705732
110 112 0.0000054564
110 113 0.0000327547
110 120 0.1886413712
110 121 0.0000267181
110 122 0.0000241065
110 130 0.0000273454
110 131 0.0000201560
110 140 0.0000281863
110 200 0.0000220021
110 201 0.0000098687
110 202 0.0000267193
110 203 0.0000481869
110 210 0.1751713390
110 211 0.0000144703
110 212 0.0000036237
110 220 0.0000363099
110 221 0.0000393303
110 230 0.0000336650
110 300 0.0000134771
110 301 0.0000153369
110 302 0.0000465479
110 310 0.0000175490
110 311 0.0000530755
110 320 0.0000347217
110 400 0.0000175598
110 401 0.0000117434
110 410 0.0000577177
110 500 0.0000735043
111 000 0.0000074868
111 001 0.0000201450
111 002 0.0000231784
111 003 0.0000015185
111 004 0.0000371804
111 005 0.0000563194
111 010 0.0000221437
111 011 0.0937729864
111 012 0.0000189389
111 013 0.0000347956
111 014 0.0000486847
111 020 0.0000225322
111 021 0.0000109518
111 022 0.0000065326
111 023 0.0000101653
111 030 0.0000024532
111 031 0.0000634270
111 032 0.0000305129
111 040 0.0000334488
111 041 0.0000282509
111 050 0.0000177476
111 100 0.0000083816
111 101 0.1004061466
111 102 0.0000356729
111 103 0.0000458984
111 104 0.0000386335
111 110 0.0927146403
111 111 0.1031118924
111 112 0.2192742186
111 113 0.0000686833
111 120 0.0000061087
111 121 0.2072179971
111 122 0.0000019450
111 130 0.0000111648
111 131 0.0000526077
111 140 0.0000676224
111 200 0.0000034084
111 201 0.0000107561
111 202 0.0000235620
111 203 0.0000555395
111 210 0.0000180328
111 211 0.1820601699
111 212 0.0000822789
111 220 0.0000018817
111 221 0.0000269993
111 230 0.0000043647
111 300 0.0000228602
111 301 0.0000248773
111 302 0.0000319826
111 310 0.0000279703
111 311 0.0000511135
111 320 0.0000874105
111 400 0.0000098294
111 401 0.0000999133
111 410 0.0000254888
111 500 0.0000005472
112 000 0.0000072981
112 001 0.0000416396
112 002 0.0000142863
112 003 0.0000250959
112 004 0.0001654528
112 005 0.0001482433
112 010 0.0000289051
112 011 0.0000467964
112 012 0.0851996927
112 013 0.0000630028
112 014 0.0000627246
112 020 0.0000492710
112 021 0.0000817749
112 022 0.0000210935
112 023 0.0001349550
112 030 0.0000412285
112 031 0.0000810923
112 032 0.0000885126
112 040 0.0000602111
112 041 0.0002744575
112 050 0.0000551952
112 100 0.0000587725
112 101 0.0000466150
112 102 0.0876611200
112 103 0.0001344258
112 104 0.0000870009
112 110 0.0000327573
112 111 0.0770171604
112 112 0.1037198675
112 113 0.2318769866
112 120 0.0000932862
112 121 0.0000202502
112 122 0.2115295441
112 130 0.0000852887
112 131 0.0001333041
112 140 0.0002339570
112 200 0.0000461756
112 201 0.0000450813
112 202 0.0000484747
112 203 0.0001254579
112 210 0.0000008157
112 211 0.0000522284
112 212 0.1986283613
112 220 0.0000076791
112 221 0.0000427826
112 230 0.0001539066
112 300 0.0001108364
112 301 0.0000488990
112 302 0.0000568039
112 310 0.0001105372
112 311 0.0001202380
112 320 0.0001942490
112 400 0.0001791598
112 401 0.0002254112
112 410 0.0002410910
112 500 0.0001405457
113 000 0.0067128622
113 001 0.0005720467
113 002 0.0004593031
113 003 0.0180486997
113 004 0.0059682938
113 005 0.0219570534
113 010 0.0060057342
113 011 0.0022613893
113 012 0.0151115437
113 013 0.0107053966
113 014 0.0193646112
113 020 0.0123255765
113 021 0.0016938663
113 022 0.0314244268
113 023 0.0142082550
113 030 0.0066866228
113 031 0.0073144293
113 032 0.0168017579
113 040 0.0011834251
113 041 0.0381023897
113 050 0.0876582942
113 100 0.0130638275
113 101 0.0107057330
113 102 0.0221842743
113 103 0.0102530308
113 104 0.0347191856
113 110 0.0078621274
113 111 0.0024758096
113 112 0.0033766153
113 113 0.0048089789
113 120 0.0146029992
113 121 0.0048620225
113 122 0.0437304055
113 130 0.0040704358
113 131 0.0122656052
113 140 0.0078312697
113 200 0.0147284840
113 201 0.0072040619
113 202 0.0213685086
113 203 0.0281701827
113 210 0.0021405030
113 211 0.0366462786
113 212 0.0324120190
113 220 0.0018802824
113 221 0.0462601362
113 230 0.0616909784
113 300 0.0284372352
113 301 0.0229783961
113 302 0.0445616026
113 310 0.0182176347
113 311 0.0108501766
113 320 0.0285607662
113 400 0.0012968969
113 401 0.0099491614
113 410 0.0101661782
113 500 0.0511022195
120 000 0.0000029711
120 001 0.0000238218
120 002 0.0000009486
120 003 0.0000086019
120 004 0.0000325026
120 005 0.0000812640
120 010 0.0000184739
120 011 0.0000068945
120 012 0.0000026482
120 013 0.0000764042
120 014 0.0000285506
120 020 0.0875326755
120 021 0.0000489373
120 022 0.0000671306
120 023 0.0000226851
120 030 0.0000201121
120 031 0.0000104363
120 032 0.0000653618
120 040 0.0000678983
120 041 0.0001045825
120 050 0.0001581334
120 100 0.0000340973
120 101 0.0000084737
120 102 0.0000203291
120 103 0.0000813207
120 104 0.0000090895
120 110 0.0779165680
120 111 0.0000359095
120 112 0.0000438570
120 113 0.0000322122
120 120 0.1966702791
120 121 0.2032662956
120 122 0.0000170830
120 130 0.2150624624
120 131 0.0000947115
120 140 0.0001460648
120 200 0.0000069256
120 201 0.0000324441
120 202 0.0000025352
120 203 0.0000514310
120 210 0.0000064509
120 211 0.0000026270
120 212 0.0000389766
120 220 0.2173598880
120 221 0.0000360319
120 230 0.0001381816
120 300 0.0000561640
120 301 0.0000049774
120 302 0.0000276650
120 310 0.0000081068
120 311 0.0000006248
120 320 0.0001394937
120 400 0.0001005893
120 401 0.0000063342
120 410 0.0000477407
120 500 0.0001130246
121 000 0.0000119058
121 001 0.0000163703
121 002 0.0000831326
121 003 0.0000214421
121 004 0.0001711323
121 005 0.0000554201
121 010 0.0000192974
121 011 0.0000836912
121 012 0.0000886317
121 013 0.0001036698
121 014 0.0001281341
121 020 0.0000260041
121 021 0.0914361708
121 022 0.0001308401
121 023 0.0001837036
121 030 0.0000965775
121 031 0.0001715760
121 032 0.0001759239
121 040 0.0001115614
121 041 0.0001660523
121 050 0.0002741382
121 100 0.0000328673
121 101 0.0000734126
121 102 0.0000718371
121 103 0.0000571507
121 104 0.0002771745
121 110 0.0000114115
121 111 0.0773643212
121 112 0.0000819693
121 113 0.0001967126
121 120 0.0866101773
121 121 0.1196747574
121 122 0.2034607325
121 130 0.0000466453
121 131 0.2181263822
121 140 0.0002621811
121 200 0.0000952929
121 201 0.0000280624
121 202 0.0000749403
121 203 0.0000204585
121 210 0.0000987349
121 211 0.0000663980
121 212 0.0000922301
121 220 0.0000127610
121 221 0.1981930860
121 230 0.0003024573
121 300 0.0000893916
121 301 0.0000643333
121 302 0.0001444347
121 310 0.0000115026
121 311 0.0002217591
121 320 0.0000389274
121 400 0.0000991277
121 401 0.0001531760
121 410 0.0002799923
121 500 0.0000098262
122 000 0.0061577413
122 001 0.0109239207
122 002 0.0106744278
122 003 0.0141979966
122 004 0.0334332371
122 005 0.0145103599
122 010 0.0133319376
122 011 0.0138955604
122 012 0.0072820709
122 013 0.0326860143
122 014 0.0210773843
122 020 0.0032163434
122 021 0.0149058609
122 022 0.0021004735
122 023 0.0404414226
122 030 0.0045453553
122 031 0.0149497961
122 032 0.0124083726
122 040 0.0108847068
122 041 0.0048332321
122 050 0.0334018542
122 100 0.0055565082
122 101 0.0078120620
122 102 0.0209801907
122 103 0.0094322877
122 104 0.0313801123
122 110 0.0033482036
122 111 0.0047432628
122 112 0.0007320860
122 113 0.0096266908
122 120 0.0023635492
122 121 0.0329461972
122 122 0.0109253656
122 130 0.0310105698
122 131 0.0244554477
122 140 0.0664860142
122 200 0.0096375861
122 201 0.0057834087
122 202 0.0232487503
122 203 0.0300559781
122 210 0.0110075382
122 211 0.0065804480
122 212 0.0222378494
122 220 0.0151930758
122 221 0.0360433064
122 230 0.0196840542
122 300 0.0014772908
122 301 0.0237008587
122 302 0.0447260934
122 310 0.0317203683
122 311 0.0437573647
122 320 0.0164173102
122 400 0.0145339688
122 401 0.0242271256
122 410 0.0321561765
122 500 0.0061548316
130 000 0.0000734919
130 001 0.0001494949
130 002 0.0001566722
130 003 0.0000727814
130 004 0.0003878697
130 005 0.0005990308
130 010 0.0001040412
130 011 0.0000818346
130 012 0.0001807048
130 013 0.0001067405
130 014 0.0005699680
130 020 0.0001507062
130 021 0.0002398402
130 022 0.0001412669
130 023 0.0005887112
130 030 0.0974513144
130 031 0.0002071840
130 032 0.0003543136
130 040 0.0004071638
130 041 0.0002995530
130 050 0.0002507228
130 100 0.0000768707
130 101 0.0000304745
130 102 0.0002007020
130 103 0.0000055381
130 104 0.0004784454
130 110 0.0000699394
130 111 0.0000266752
130 112 0.0002215839
130 113 0.0003508146
130 120 0.0683998567
130 121 0.0003268322
130 122 0.0004583139
130 130 0.2227851844
130 131 0.1514678543
130 140 0.2407668117
130 200 0.0001884810
130 201 0.0001469277
130 202 0.0002276599
130 203 0.0002698446
130 210 0.0002653004
130 211 0.0003278825
130 212 0.0001399133
130 220 0.0003870524
130 221 0.0002787164
130 230 0.2060823745
130 300 0.0001265657
130 301 0.0003513858
130 302 0.0004892718
130 310 0.0001684131
130 311 0.0002550022
130 320 0.0002400341
130 400 0.0003013584
130 401 0.0005270737
130 410 0.0003818564
130 500 0.0006055830
131 000 0.0001577230
131 001 0.0075525024
131 002 0.0011941166
131 003 0.0135658050
131 004 0.0162735083
131 005 0.0005654778
131 010 0.0113154304
131 011 0.0072671277
131 012 0.0187075449
131 013 0.0102389765
131 014 0.0281876657
131 020 0.0015707714
131 021 0.0154558755
131 022 0.0124298790
131 023 0.0338939408
131 030 0.0066796817
131 031 0.0177228919
131 032 0.0365665867
131 040 0.0261630656
131 041 0.0047063865
131 050 0.0611007908
131 100 0.0018227834
131 101 0.0010584928
131 102 0.0180846666
131 103 0.0144112944
131 104 0.0271666593
131 110 0.0015824504
131 111 0.0092155309
131 112 0.0227773400
131 113 0.0003983454
131 120 0.0153452275
131 121 0.0202681266
131 122 0.0164009153
131 130 0.0303952406
131 131 0.0132978959
131 140 0.0017069785
131 200 0.0077706523
131 201 0.0007167897
131 202 0.0079739401
131 203 0.0323709691
131 210 0.0201504770
131 211 0.0212376604
131 212 0.0353807896
131 220 0.0159884319
131 221 0.0021902863
131 230 0.0146989374
131 300 0.0202842979
131 301 0.0271509506
131 302 0.0434916519
131 310 0.0068320298
131 311 0.0389671226
131 320 0.0428778760
131 400 0.0247224758
131 401 0.0222850351
131 410 0.0487806374
131 500 0.0408812933
140 000 0.0009873224
140 001 0.0023555512
140 002 0.0010030370
140 003 0.0117348356
140 004 0.0067743651
140 005 0.0340193458
140 010 0.0118487292
140 011 0.0126746424
140 012 0.0123546212
140 013 0.0233845116
140 014 0.0156151987
140 020 0.0099992464
140 021 0.0134345263
140 022 0.0040424756
140 023 0.0024555676
140 030 0.0004164076
140 031 0.0086530751
140 032 0.0344763027
140 040 0.0084852026
140 041 0.0073740624
140 050 0.0457064233
140 100 0.0081297407
140 101 0.0052853603
140 102 0.0039211259
140 103 0.0307612236
140 104 0.0432259884
140 110 0.0173966515
140 111 0.0033419863
140 112 0.0089098807
140 113 0.0149088550
140 120 0.0077193302
140 121 0.0238326787
140 122 0.0112175513
140 130 0.0148501479
140 131 0.0124798349
140 140 0.0370481221
140 200 0.0037980740
140 201 0.0191667528
140 202 0.0278319157
140 203 0.0495214849
140 210 0.0005053489
140 211 0.0230650441
140 212 0.0146128934
140 220 0.0118101411
140 221 0.0107178187
140 230 0.0522761477
140 300 0.0136861047
140 301 0.0171842565
140 302 0.0217172940
140 310 0.0346772099
140 311 0.0203545701
140 320 0.0000520461
140 400 0.0074947269
140 401 0.0506625110
140 410 0.0525668725
140 500 0.0574748600
200 000 0.0000079068
200 001 0.0000200878
200 002 0.0000169096
200 003 0.0000090259
200 004 0.0000087072
200 005 0.0000893689
200 010 0.0000130435
200 011 0.0000002699
200 012 0.0000161008
200 013 0.0000242560
200 014 0.0000675036
200 020 0.0000141493
200 021 0.0000050191
200 022 0.0000496460
200 023 0.0000269143
200 030 0.0000218896
200 031 0.0000051854
200 032 0.0000296114
200 040 0.0000313213
200 041 0.0000906850
200 050 0.0000737006
200 100 0.0981361020
200 101 0.0000099462
200 102 0.0000228536
200 103 0.0000398261
200 104 0.0000721082
200 110 0.0000057988
200 111 0.0000174514
200 112 0.0000511087
200 113 0.0000382228
200 120 0.0000117557
200 121 0.0000107930
200 122 0.0000302411
200 130 0.0000002317
200 131 0.0000650351
200 140 0.0000459907
200 200 0.3541227888
200 201 0.1839330505
200 202 0.0000129469
200 203 0.0000339622
200 210 0.1702921940
200 211 0.0000412779
200 212 0.0000442623
200 220 0.0000182970
200 221 0.0000432113
200 230 0.0000892430
200 300 0.1918952311
200 301 0.0000001607
200 302 0.0000187069
200 310 0.0000284507
200 311 0.0000672931
200 320 0.0000321012
200 400 0.0000255752
200 401 0.0000020098
200 410 0.0000252188
200 500 0.0000952517
201 000 0.0000216098
201 001 0.0000031515
201 002 0.0000264177
201 003 0.0000160666
201 004 0.0000160317
201 005 0.0001792779
201 010 0.0000239193
201 011 0.0000200508
201 012 0.0000297011
201 013 0.0000908622
201 014 0.0000424700
201 020 0.0000094511
201 021 0.0000528484
201 022 0.0000661887
201 023 0.0000661386
201 030 0.0000185854
201 031 0.0000695794
201 032 0.0000969894
201 040 0.0000957826
201 041 0.0001139315
201 050 0.0001790537
201 100 0.0000046325
201 101 0.0836947504
201 102 0.0000013008
201 103 0.0000725889
201 104 0.0000176100
201 110 0.0000207266
201 111 0.0000487170
201 112 0.0000576197
201 113 0.0000575729
201 120 0.0000344327
201 121 0.0000016454
201 122 0.0001010670
201 130 0.0000101572
201 131 0.0000906798
201 140 0.0000672479
201 200 0.0982751722
201 201 0.2108767017
201 202 0.2389617583
201 203 0.0000163119
201 210 0.0000526665
201 211 0.1661929128
201 212 0.0001065491
201 220 0.0000909503
201 221 0.0000073571
201 230 0.0000608601
201 300 0.0000071768
201 301 0.1994736856
201 302 0.0000156094
201 310 0.0000333689
201 311 0.0000800015
201 320 0.0001021478
201 400 0.0000853405
201 401 0.0000258764
201 410 0.0000157300
201 500 0.0000009671
202 000 0.0001051921
202 001 0.0000748487
202 002 0.0001162985
202 003 0.0000152055
202 004 0.0002548755
202 005 0.0003234582
202 010 0.0001040155
202 011 0.0000980726
202 012 0.0000960833
202 013 0.0001744114
202 014 0.0002500344
202 020 0.0001034249
202 021 0.0000673591
202 022 0.0001299326
202 023 0.0002255369
202 030 0.0000041597
202 031 0.0002727350
202 032 0.0002915964
202 040 0.0003007288
202 041 0.0004516364
202 050 0.0002444471
202 100 0.0000173001
202 101 0.0000725762
202 102 0.0654794742
202 103 0.0000846535
202 104 0.0001973156
202 110 0.0000933654
202 111 0.0001139663
202 112 0.0001457210
202 113 0.0002725265
202 120 0.0001102861
202 121 0.0001407996
202 122 0.0002731625
202 130 0.0001518190
202 131 0.0000641945
202 140 0.0001907307
202 200 0.0000106525
202 201 0.0783147576
202 202 0.2597898689
202 203 0.2332601587
202 210 0.0000707234
202 211 0.0001012949
202 212 0.1580603354
202 220 0.0000981690
202 221 0.0001681740
202 230 0.0004779493
202 300 0.0000083781
202 301 0.0002718513
202 302 0.1971818164
202 310 0.0001155220
202 311 0.0002977460
202 320 0.0000824006
202 400 0.0000313234
202 401 0.0000454653
202 410 0.0002240884
202 500 0.0002773812
203 000 0.0015381954
203 001 0.0005796221
203 002 0.0069394843
203 003 0.0195175108
203 004 0.0206931121
203 005 0.0749599776
203 010 0.0140990888
203 011 0.0113506555
203 012 0.0212022611
203 013 0.0248853807
203 014 0.0197965860
203 020 0.0052874063
203 021 0.0182798737
203 022 0.0003206599
203 023 0.0112444155
203 030 0.0008897112
203 031 0.0299752272
203 032 0.0390980235
203 040 0.0227567766
203 041 0.0391067969
203 050 0.0212293490
203 100 0.0040806305
203 101 0.0107776273
203 102 0.0145141144
203 103 0.0078243433
203 104 0.0201981711
203 110 0.0146133605
203 111 0.0075484869
203 112 0.0088242620
203 113 0.0398546505
203 120 0.0194600104
203 121 0.0128270368
203 122 0.0152627339
203 130 0.0188321699
203 131 0.0097482953
203 140 0.0284249989
203 200 0.0085450304
203 201 0.0147691847
203 202 0.0323659459
203 203 0.0405093910
203 210 0.0000398934
203 211 0.0150791007
203 212 0.0022518287
203 220 0.0096621414
203 221 0.0325883500
203 230 0.0225298151
203 300 0.0096040796
203 301 0.0083511884
203 302 0.0211503921
203 310 0.0051433446
203 311 0.0226321831
203 320 0.0237429698
203 400 0.0017860606
203 401 0.0138716780
203 410 0.0105151042
203 500 0.0683213119
210 000 0.0000133720
210 001 0.0000330226
210 002 0.0000007298
210 003 0.0000445354
210 004 0.0000009644
210 005 0.0000175774
210 010 0.0000180201
210 011 0.0000410363
210 012 0.0000489294
210 013 0.0001055755
210 014 0.0001209274
210 020 0.0000047607
210 021 0.0000621610
210 022 0.0000521793
210 023 0.0000751683
210 030 0.0000522411
210 031 0.0000944213
210 032 0.0000762677
210 040 0.0000494991
210 041 0.0000198507
210 050 0.0001041228
210 100 0.0000055800
210 101 0.0000311765
210 102 0.0000511217
210 103 0.0000538948
210 104 0.0000290887
210 110 0.0806814361
210 111 0.0000020861
210 112 0.0000480490
210 113 0.0000401927
210 120 0.0000490478
210 121 0.0000006648
210 122 0.0001223639
210 130 0.0001021229
210 131 0.0000067313
210 140 0.0001722362
210 200 0.0860722100
210 201 0.0000002011
210 202 0.0000809831
210 203 0.0000511646
210 210 0.2127423709
210 211 0.1970751418
210 212 0.0000360555
210 220 0.2022540701
210 221 0.0000129014
210 230 0.0001490994
210 300 0.0000373063
210 301 0.0000028602
210 302 0.0000365051
210 310 0.2184612979
210 311 0.0000789931
210 320 0.0001694968
210 400 0.0000581100
210 401 0.0000017241
210 410 0.0000437886
210 500 0.0002045650
211 000 0.0000473508
211 001 0.0000467488
211 002 0.0000160027
211 003 0.0000428571
211 004 0.0002240312
211 005 0.0001232372
211 010 0.0000424912
211 011 0.0000189788
211 012 0.0000630606
211 013 0.0000792219
211 014 0.0001026174
211 020 0.0000465137
211 021 0.0000147006
211 022 0.0001160367
211 023 0.0001383959
211 030 0.0000828980
211 031 0.0000762353
211 032 0.0001613214
211 040 0.0002033104
211 041 0.0000770135
211 050 0.0000020308
211 100 0.0000090708
211 101 0.0000142844
211 102 0.0000250648
211 103 0.0001433562
211 104 0.0001746952
211 110 0.0000539827
211 111 0.0696824197
211 112 0.0000126796
211 113 0.0002134902
211 120 0.0000350398
211 121 0.0001406506
211 122 0.0000452634
211 130 0.0001853714
211 131 0.0000477291
211 140 0.0000227629
211 200 0.0000869964
211 201 0.0799977247
211 202 0.0000322970
211 203 0.0000636547
211 210 0.0925325322
211 211 0.1029469851
211 212 0.2348184328
211 220 0.0000086892
211 221 0.2100666547
211 230 0.0003444206
211 300 0.0001318235
211 301 0.0000956044
211 302 0.0002269674
211 310 0.0002081424
211 311 0.2051072984
211 320 0.0000079543
211 400 0.0002338145
211 401 0.0001486291
211 410 0.0000684433
211 500 0.0003420203
212 000 0.0019829863
212 001 0.0078352148
212 002 0.0103471603
212 003 0.0200104692
212 004 0.0146789049
212 005 0.0374840784
212 010 0.0004108559
212 011 0.0038274430
212 012 0.0190623234
212 013 0.0029452877
212 014 0.0036908500
212 020 0.0113958340
212 021 0.0003981645
212 022 0.0231175843
212 023 0.0083143872
212 030 0.0151887525
212 031 0.0039407936
212 032 0.0222470111
212 040 0.0234587476
212 041 0.0684477942
212 050 0.0962914938
212 100 0.0127730869
212 101 0.0004979023
212 102 0.0059605162
212 103 0.0387724531
212 104 0.0354295571
212 110 0.0148204272
212 111 0.0027779031
212 112 0.0016461736
212 113 0.0286418019
212 120 0.0029770048
212 121 0.0199447270
212 122 0.0219889772
212 130 0.0184367415
212 131 0.0354745452
212 140 0.0419576122
212 200 0.0039480977
212 201 0.0097011766
212 202 0.0096694722
212 203 0.0219881631
212 210 0.0147409822
212 211 0.0161272005
212 212 0.0114870752
212 220 0.0175490797
212 221 0.0094922922
212 230 0.0216528925
212 300 0.0013248573
212 301 0.0369498134
212 302 0.0266942998
212 310 0.0081000851
212 311 0.0085434015
212 320 0.0116047989
212 400 0.0166889623
212 401 0.0490827326
212 410 0.0229745613
212 500 0.0045044899
220 000 0.0000293899
220 001 0.0001021114
220 002 0.0000349847
220 003 0.0000636883
220 004 0.0001921570
220 005 0.0000722770
220 010 0.0000116772
220 011 0.0000274990
220 012 0.0000604563
220 013 0.0001320608
220 014 0.0000690876
220 020 0.0000362127
220 021 0.0000203392
220 022 0.0000957879
220 023 0.0002680971
220 030 0.0001146622
220 031 0.0002683150
220 032 0.0002869568
220 040 0.0002345133
220 041 0.0004629570
220 050 0.0004834139
220 100 0.0001209349
220 101 0.0000530290
220 102 0.0001084386
220 103 0.0001986354
220 104 0.0003630858
220 110 0.0000466848
220 111 0.0000728717
220 112 0.0001324474
220 113 0.0002369773
220 120 0.0677747249
220 121 0.0000769566
220 122 0.0000026299
220 130 0.0001655499
220 131 0.0003532650
220 140 0.0002757025
220 200 0.0001422614
220 201 0.0001848462
220 202 0.0002182314
220 203 0.0004617381
220 210 0.0727285726
220 211 0.0001254212
220 212 0.0002190716
220 220 0.2490411722
220 221 0.1819456202
220 230 0.2340510178
220 300 0.0001572093
220 301 0.0002394121
220 302 0.0001156312
220 310 0.0002927883
220 311 0.0000672073
220 320 0.1858036949
220 400 0.0001268747
220 401 0.0000315308
220 410 0.0005226402
220 500 0.0004764804
221 000 0.0044176726
221 001 0.0056575783
221 002 0.0016936983
221 003 0.0142905282
221 004 0.0049420121
221 005 0.0617463434
221 010 0.0009855378
221 011 0.0105735523
221 012 0.0070164328
221 013 0.0161905511
221 014 0.0209873348
221 020 0.0056234471
221 021 0.0150424584
221 022 0.0252554838
221 023 0.0419611277
221 030 0.0110953445
221 031 0.0076618503
221 032 0.0253208591
221 040 0.0055176462
221 041 0.0082974865
221 050 0.0368342443
221 100 0.0108413622
221 101 0.0034132050
221 102 0.0130205515
221 103 0.0195183593
221 104 0.0303439355
221 110 0.0120223276
221 111 0.0147203353
221 112 0.0120642675
221 113 0.0302838129
221 120 0.0152540990
221 121 0.0065182728
221 122 0.0242822251
221 130 0.0190044766
221 131 0.0213762515
221 140 0.0216485331
221 200 0.0077046051
221 201 0.0151045677
221 202 0.0003588734
221 203 0.0043393886
221 210 0.0129362703
221 211 0.0185754266
221 212 0.0251065497
221 220 0.0244953187
221 221 0.0346944383
221 230 0.0556921950
221 300 0.0215896065
221 301 0.0076626221
221 302 0.0142077879
221 310 0.0212128989
221 311 0.0089724929
221 320 0.0376429079
221 400 0.0323034063
221 401 0.0202563330
221 410 0.0129623714
221 500 0.0387587356
230 000 0.0019520822
230 001 0.0083815182
230 002 0.0101331999
230 003 0.0046774918
230 004 0.0005107990
230 005 0.0532868510
230 010 0.0008568697
230 011 0.0076240036
230 012 0.0159656327
230 013 0.0110907377
230 014 0.0311213447
230 020 0.0088786847
230 021 0.0009524549
230 022 0.0174557822
230 023 0.0394296180
230 030 0.0022536979
230 031 0.0249233197
230 032 0.0278255430
230 040 0.0185826192
230 041 0.0164172890
230 050 0.0289357324
230 100 0.0091994969
230 101 0.0003575299
230 102 0.0121598642
230 103 0.0033772668
230 104 0.0258536480
230 110 0.0094632207
230 111 0.0146357851
230 112 0.0215652634
230 113 0.0236568960
230 120 0.0134685687
230 121 0.0175607573
230 122 0.0169117942
230 130 0.0046355383
230 131 0.0341791213
230 140 0.0365196931
230 200 0.0109870798
230 201 0.0098442101
230 202 0.0026633089
230 203 0.0310430147
230 210 0.0021168072
230 211 0.0060386922
230 212 0.0275500209
230 220 0.0250452069
230 221 0.0195630209
230 230 0.0162895895
230 300 0.0028739501
230 301 0.0224099705
230 302 0.0253883095
230 310 0.0236940081
230 311 0.0418671698
230 320 0.0298811016
230 400 0.0058779992
230 401 0.0384595608
230 410 0.0421335150
230 500 0.0414737485
300 000 0.0000101276
300 001 0.0000219586
300 002 0.0000093369
300 003 0.0001139105
300 004 0.0000114950
300 005 0.0004154125
300 010 0.0000596619
300 011 0.0000138072
300 012 0.0000611434
300 013 0.0000993005
300 014 0.0000974126
300 020 0.0000767414
300 021 0.0000213482
300 022 0.0000581183
300 023 0.0002522595
300 030 0.0001127756
300 031 0.0001926039
300 032 0.0001602507
300 040 0.0000221879
300 041 0.0003367168
300 050 0.0001857632
300 100 0.0000146497
300 101 0.0000861453
300 102 0.0000110223
300 103 0.0000283195
300 104 0.0001196595
300 110 0.0000999684
300 111 0.0000204710
300 112 0.0001593141
300 113 0.0002220853
300 120 0.0001205461
300 121 0.0000345860
300 122 0.0001938340
300 130 0.0000247992
300 131 0.0000011197
300 140 0.0003098310
300 200 0.0887132702
300 201 0.0000383869
300 202 0.0000438878
300 203 0.0002625905
300 210 0.0001348266
300 211 0.0001270424
300 212 0.0001425332
300 220 0.0001582106
300 221 0.0002230674
300 230 0.0003480010
300 300 0.3267311620
300 301 0.1852257770
300 302 0.0001708527
300 310 0.1892274030
300 311 0.0002137854
300 320 0.0001530291
300 400 0.2034802737
300 401 0.0002992386
300 410 0.0003358727
300 500 0.0001921056
301 000 0.0001480235
301 001 0.0000466069
301 002 0.0000536776
301 003 0.0000013363
301 004 0.0003821535
301 005 0.0006148806
301 010 0.0000401808
301 011 0.0000588170
301 012 0.0000157625
301 013 0.0004704668
301 014 0.0002702086
301 020 0.0000204861
301 021 0.0001157538
301 022 0.0001273458
301 023 0.0002626549
301 030 0.0001916997
301 031 0.0001579874
301 032 0.0001925669
301 040 0.0002019860
301 041 0.0004667771
301 050 0.0010552947
301 100 0.0001609053
301 101 0.0001969028
301 102 0.0001901778
301 103 0.0001873739
301 104 0.0001287939
301 110 0.0002072050
301 111 0.0002072741
301 112 0.0003631380
301 113 0.0002915141
301 120 0.0002320281
301 121 0.0003679915
301 122 0.0003775949
301 130 0.0000992060
301 131 0.0003320156
301 140 0.0005758679
301 200 0.0001707733
301 201 0.0669705195
301 202 0.0000785038
301 203 0.0002462082
301 210 0.0000836337
301 211 0.0000152349
301 212 0.0005444377
301 220 0.0001012821
301 221 0.0002693631
301 230 0.0003749701
301 300 0.0834029694
301 301 0.2497073867
301 302 0.2360344948
301 310 0.0003929856
301 311 0.1734109392
301 320 0.0002365011
301 400 0.0000278700
301 401 0.1784600001
301 410 0.0001042365
301 500 0.0005550349
302 000 0.0109375408
302 001 0.0063070870
302 002 0.0123070001
302 003 0.0013284976
302 004 0.0039407648
302 005 0.0641643814
302 010 0.0051309618
302 011 0.0124370995
302 012 0.0067974159
302 013 0.0222245303
302 014 0.0316973515
302 020 0.0011810109
302 021 0.0126760987
302 022 0.0090868812
302 023 0.0086839378
302 030 0.0049154397
302 031 0.0105340932
302 032 0.0210215966
302 040 0.0031203138
302 041 0.0331555657
302 050 0.0113017893
302 100 0.0037801041
302 101 0.0130800233
302 102 0.0018084189
302 103 0.0285170982
302 104 0.0298427313
302 110 0.0057394989
302 111 0.0024535927
302 112 0.0046350889
302 113 0.0335855887
302 120 0.0136486911
302 121 0.0222095520
302 122 0.0001502706
302 130 0.0314148249
302 131 0.0132795417
302 140 0.0503414455
302 200 0.0008250522
302 201 0.0192916219
302 202 0.0010649655
302 203 0.0443811515
302 210 0.0115621883
302 211 0.0060707370
302 212 0.0245544963
302 220 0.0051800812
302 221 0.0251123002
302 230 0.0106200001
302 300 0.0075966833
302 301 0.0052977660
302 302 0.0407641879
302 310 0.0113495151
302 311 0.0374788654
302 320 0.0317803545
302 400 0.0388900585
302 401 0.0330094780
302 410 0.0457259614
302 500 0.0520087072
310 000 0.0001917084
310 001 0.0000156939
310 002 0.0000896990
310 003 0.0002141427
310 004 0.0003319402
310 005 0.0001455869
310 010 0.0000971500
310 011 0.0002055982
310 012 0.0001246227
310 013 0.0003498543
310 014 0.0005415077
310 020 0.0000723164
310 021 0.0000994900
310 022 0.0004024231
310 023 0.0005757886
310 030 0.0000296553
310 031 0.0000145269
310 032 0.0001024402
310 040 0.0004012260
310 041 0.0000552814
310 050 0.0009268893
310 100 0.0001566001
310 101 0.0000051709
310 102 0.0001011629
310 103 0.0004162547
310 104 0.0003957371
310 110 0.0001425155
310 111 0.0001425445
310 112 0.0001763770
310 113 0.0003722954
310 120 0.0002520964
310 121 0.0003999465
310 122 0.0001598691
310 130 0.0002367605
310 131 0.0003198957
310 140 0.0002062338
310 200 0.0000100123
310 201 0.0002418829
310 202 0.0001240695
310 203 0.0003707895
310 210 0.0730440382
310 211 0.0004650748
310 212 0.0001652414
310 220 0.0000274276
310 221 0.0004512599
310 230 0.0006729364
310 300 0.0823402070
310 301 0.0001987077
310 302 0.0001848999
310 310 0.2491882850
310 311 0.2016926560
310 320 0.2041539104
310 400 0.0006261339
310 401 0.0006063376
310 410 0.1760095998
310 500 0.0009555290
311 000 0.0092652273
311 001 0.0077146503
311 002 0.0019785454
311 003 0.0113149200
311 004 0.0365679077
311 005 0.0316374540
311 010 0.0109928770
311 011 0.0119936651
311 012 0.0041348665
311 013 0.0318951690
311 014 0.0130747602
311 020 0.0040740136
311 021 0.0052172606
311 022 0.0200713221
311 023 0.0255551180
311 030 0.0183653624
311 031 0.0179690861
311 032 0.0295313637
311 040 0.0102448989
311 041 0.0327888406
311 050 0.0051592053
311 100 0.0102205726
311 101 0.0132493406
311 102 0.0056555462
311 103 0.0268098141
311 104 0.0230317792
311 110 0.0118461680
311 111 0.0145417775
311 112 0.0098252476
311 113 0.0358749247
311 120 0.0009659643
311 121 0.0243304012
311 122 0.0161256090
311 130 0.0219815626
311 131 0.0329604976
311 140 0.0477428894
311 200 0.0070162319
311 201 0.0052043246
311 202 0.0091841344
311 203 0.0473175619
311 210 0.0195726313
311 211 0.0243484314
311 212 0.0086494513
311 220 0.0165668147
311 221 0.0056963903
311 230 0.0035640142
311 300 0.0060889788
311 301 0.0169743055
311 302 0.0337881856
311 310 0.0143665289
311 311 0.0258266956
311 320 0.0236770724
311 400 0.0400658928
311 401 0.0026195757
311 410 0.0051883695
311 500 0.0495758008
320 000 0.0062060030
320 001 0.0076339374
320 002 0.0109994171
320 003 0.0071276559
320 004 0.0378210332
320 005 0.0388382799
320 010 0.0001172197
320 011 0.0061092441
320 012 0.0044876094
320 013 0.0011555537
320 014 0.0355102774
320 020 0.0110726563
320 021 0.0146446526
320 022 0.0052047347
320 023 0.0456528247
320 030 0.0017591534
320 031 0.0184469137
320 032 0.0127519239
320 040 0.0328272330
320 041 0.0564704777
320 050 0.0243407092
320 100 0.0027236877
320 101 0.0109024518
320 102 0.0072098970
320 103 0.0310791642
320 104 0.0308184232
320 110 0.0154503526
320 111 0.0057337910
320 112 0.0274225618
320 113 0.0091801592
320 120 0.0171605390
320 121 0.0174890639
320 122 0.0261650166
320 130 0.0054535535
320 131 0.0406385206
320 140 0.0338243151
320 200 0.0109761791
320 201 0.0100848816
320 202 0.0197345564
320 203 0.0398067188
320 210 0.0041694274
320 211 0.0003467441
320 212 0.0371992178
320 220 0.0035720371
320 221 0.0218162327
320 230 0.0430789180
320 300 0.0214662691
320 301 0.0137230770
320 302 0.0132475166
320 310 0.0200906380
320 311 0.0028478182
320 320 0.0190391824
320 400 0.0238721632
320 401 0.0082413006
320 410 0.0151644675
320 500 0.0110936474
400 000 0.0004098257
400 001 0.0003891896
400 002 0.0006672070
400 003 0.0005916312
400 004 0.0015666040
400 005 0.0020954596
400 010 0.0005197719
400 011 0.0000141906
400 012 0.0001460029
400 013 0.0015213825
400 014 0.0000736151
400 020 0.0001475666
400 021 0.0005825263
400 022 0.0009123398
400 023 0.0000013921
400 030 0.0003111973
400 031 0.0008840495
400 032 0.0018163292
400 040 0.0008766406
400 041 0.0008142673
400 050 0.0018402163
400 100 0.0001621940
400 101 0.0001216941
400 102 0.0004065682
400 103 0.0001877460
400 104 0.0008082307
400 110 0.0000179659
400 111 0.0009143852
400 112 0.0013174823
400 113 0.0003546283
400 120 0.0006086592
400 121 0.0002654575
400 122 0.0001912024
400 130 0.0010901695
400 131 0.0009498017
400 140 0.0017826277
400 200 0.0001236715
400 201 0.0001964111
400 202 0.0009820608
400 203 0.0017714454
400 210 0.0009901609
400 211 0.0008500329
400 212 0.0007754446
400 220 0.0002289978
400 221 0.0000878220
400 230 0.0019753420
400 300 0.0647730168
400 301 0.0009038410
400 302 0.0009629506
400 310 0.0007461605
400 311 0.0002105695
400 320 0.0004025420
400 400 0.3464316531
400 401 0.1707501917
400 410 0.1920273987
400 500 0.1894500694
401 000 0.0094707153
401 001 0.0114691204
401 002 0.0015424590
401 003 0.0050785361
401 004 0.0009688668
401 005 0.0054157097
401 010 0.0045288876
401 011 0.0072383049
401 012 0.0009925973
401 013 0.0019094622
401 014 0.0003455868
401 020 0.0133342623
401 021 0.0184293357
401 022 0.0162726735
401 023 0.0183804440
401 030 0.0055084769
401 031 0.0180482883
401 032 0.0425231740
401 040 0.0328075063
401 041 0.0405247198
401 050 0.0146534098
401 100 0.0116832715
401 101 0.0082338100
401 102 0.0148595845
401 103 0.0133050182
401 104 0.0421407234
401 110 0.0066975701
401 111 0.0156643450
401 112 0.0246677233
401 113 0.0044827646
401 120 0.0166795701
401 121 0.0039864806
401 122 0.0278418044
401 130 0.0287500423
401 131 0.0373644170
401 140 0.0502433727
401 200 0.0183510374
401 201 0.0089713032
401 202 0.0101211821
401 203 0.0111865025
401 210 0.0134896460
401 211 0.0252709004
401 212 0.0121404775
401 220 0.0120428716
401 221 0.0058583465
401 230 0.0201553474
401 300 0.0148061387
401 301 0.0258649541
401 302 0.0336910966
401 310 0.0079921158
401 311 0.0154008875
401 320 0.0349319369
401 400 0.0164206617
401 401 0.0537495866
401 410 0.0325939328
401 500 0.0509180399
410 000 0.0039712293
410 001 0.0130764414
410 002 0.0073559902
410 003 0.0192722520
410 004 0.0332125765
410 005 0.0305359151
410 010 0.0128647268
410 011 0.0134853252
410 012 0.0068868716
410 013 0.0046463983
410 014 0.0497969538
410 020 0.0050715258
410 021 0.0113669392
410 022 0.0248869402
410 023 0.0208723419
410 030 0.0205538364
410 031 0.0325388816
410 032 0.0057545239
410 040 0.0189746369
410 041 0.0148010355
410 050 0.0168328841
410 100 0.0008126364
410 101 0.0118571519
410 102 0.0044860903
410 103 0.0107164395
410 104 0.0066331487
410 110 0.0128517162
410 111 0.0007445143
410 112 0.0262378659
410 113 0.0224700011
410 120 0.0152855759
410 121 0.0038338539
410 122 0.0344996787
410 130 0.0029758247
410 131 0.0225368535
410 140 0.0160467506
410 200 0.0078634246
410 201 0.0055640700
410 202 0.0123660973
410 203 0.0030316953
410 210 0.0161187010
410 211 0.0275473700
410 212 0.0019057038
410 220 0.0365731261
410 221 0.0194983607
410 230 0.0030119648
410 300 0.0168367431
410 301 0.0197795948
410 302 0.0019056509
410 310 0.0030448966
410 311 0.0135844096
410 320 0.0504939591
410 400 0.0401194599
410 401 0.0363969062
410 410 0.0591204105
410 500 0.0664911281
500 000 0.0124167284
500 001 0.0037415096
500 002 0.0131184357
500 003 0.0010197079
500 004 0.0197005062
500 005 0.0605943509
500 010 0.0079311285
500 011 0.0019194971
500 012 0.0105418031
500 013 0.0192122466
500 014 0.0448038648
500 020 0.0124339694
500 021 0.0117385823
500 022 0.0125908511
500 023 0.0205086976
500 030 0.0113441641
500 031 0.0359322357
500 032 0.0388891202
500 040 0.0240513815
500 041 0.0188333464
500 050 0.0136302278
500 100 0.0133850028
500 101 0.0055493021
500 102 0.0090124025
500 103 0.0101403219
500 104 0.0195969570
500 110 0.0002823893
500 111 0.0179086681
500 112 0.0095735445
500 113 0.0097022451
500 120 0.0173862291
500 121 0.0294967377
500 122 0.0255234809
500 130 0.0159472925
500 131 0.0099553761
500 140 0.0143034882
500 200 0.0055945767
500 201 0.0015666798
500 202 0.0054043067
500 203 0.0322103956
500 210 0.0262142349
500 211 0.0164089692
500 212 0.0016830084
500 220 0.0067403219
500 221 0.0068656380
500 230 0.0138278025
500 300 0.0163674450
500 301 0.0132092016
500 302 0.0343935753
500 310 0.0044395615
500 311 0.0315848282
500 320 0.0269715973
500 400 0.0413680860
500 401 0.0559866008
500 410 0.0064406626
500 500 0.0500067154
