(1, 1, 0, 0, 987602.62012) 0.14285714285714285
(0, 0, 0, 0, 1000000) 1.0
(1, 0, 1, 0, 997351.280029) 0.14285714285714285
(2, 1, 1, 0, 984932.860109) 0.02040816326530612
(2, 0, 0, 0, 999999.640136) 0.02040816326530612
(1, 0, 0, 1, 999791.3981171) 0.14285714285714285
(2, 1, 0, 1, 987372.9781971) 0.02040816326530612
(2, 0, 1, 1, 997143.0380101) 0.02040816326530612
(2, 0, 0, 0, 1000001.7814026) 0.02040816326530612
(1, 0, 0, 0, 1000000) 0.5714285714285714
(2, 1, 0, 0, 987581.58008) 0.08163265306122448
(2, 0, 1, 0, 997351.639893) 0.08163265306122448
(2, 0, 0, 1, 999789.6167145) 0.08163265306122448
(2, 0, 0, 0, 1000000) 0.326530612244898
(2, 0, 0, 0, 865541.0517327499) 0.24489795918367346
(2, 0, 0, 1, 499790.5074158) 0.08163265306122448
(3, 1, 0, 0, 987583.939936) 0.0029154518950437313
(3, 0, 1, 0, 997329.780029) 0.0029154518950437313
(3, 1, 1, 1, 984703.1180901) 0.0029154518950437313
(3, 0, 0, 1, 999788.6783971) 0.0029154518950437313
(3, 1, 0, 0, 987583.1058369) 0.0029154518950437313
(3, 1, 1, 1, 984727.3378101) 0.0029154518950437313
(3, 0, 0, 1, 999812.8981171) 0.0029154518950437313
(3, 0, 1, 0, 997353.1656499) 0.0029154518950437313
(3, 1, 0, 0, 987586.0812026) 0.0029154518950437313
(3, 0, 1, 0, 997331.9212956) 0.0029154518950437313
(3, 0, 0, 1, 999791.6537628) 0.0029154518950437313
(3, 0, 0, 0, 1000001.7814026) 0.011661807580174925
(3, 1, 1, 0, 984911.719973) 0.011661807580174925
(3, 1, 0, 1, 987371.4524402) 0.011661807580174925
(3, 0, 0, 0, 999997.28028) 0.011661807580174925
(3, 1, 0, 0, 987581.58008) 0.034985422740524776
(3, 1, 1, 0, 984935.939693) 0.011661807580174925
(3, 0, 1, 1, 997141.5122532) 0.011661807580174925
(3, 0, 1, 0, 997351.639893) 0.034985422740524776
(3, 0, 0, 0, 1000021.5) 0.011661807580174925
(3, 1, 0, 1, 987373.9165145) 0.011661807580174925
(3, 0, 1, 1, 997119.7566075) 0.011661807580174925
(3, 0, 0, 1, 999789.6167145) 0.034985422740524776
(3, 0, 0, 0, 999999.7443543) 0.011661807580174925
(3, 1, 0, 0, 987584.2998) 0.04664723032069971
(3, 0, 1, 0, 997330.139893) 0.04664723032069971
(3, 0, 0, 1, 999789.8723602) 0.04664723032069971
(3, 0, 0, 0, 1000000) 0.18658892128279883
(3, 1, 0, 0, 853125.35153275) 0.034985422740524776
(3, 0, 1, 0, 862871.1916257499) 0.034985422740524776
(3, 0, 0, 1, 865330.92409295) 0.034985422740524776
(3, 0, 0, 0, 865541.0517327499) 0.1399416909620991
(3, 1, 0, 1, 487374.8072158) 0.011661807580174925
(3, 0, 1, 1, 497120.6473088) 0.011661807580174925
(3, 0, 0, 2, 499580.379776) 0.011661807580174925
(3, 0, 0, 1, 499790.5074158) 0.034985422740524776
(3, 0, 0, 0, 500000.6350556) 0.011661807580174925
(3, 0, 0, 0, 823860.1709293778) 0.09037900874635568
(4, 1, 1, 0, 984909.719965) 0.00041649312786339016
(4, 1, 0, 0, 987583.939936) 0.0012494793835901704
(4, 1, 1, 0, 984969.860109) 0.00041649312786339016
(4, 0, 1, 0, 997329.780029) 0.0012494793835901704
(4, 0, 0, 0, 1000004.0) 0.00041649312786339016
(4, 0, 1, 1, 997063.0380101) 0.00041649312786339016
(4, 1, 0, 1, 987377.3380611) 0.00041649312786339016
(4, 1, 1, 0, 984912.372744) 0.00041649312786339016
(4, 1, 1, 1, 984703.1180901) 0.00041649312786339016
(4, 1, 0, 1, 987428.7584770999) 0.00041649312786339016
(4, 0, 1, 1, 997114.4584261) 0.00041649312786339016
(4, 0, 0, 0, 999997.933051) 0.00041649312786339016
(4, 2, 0, 0, 975223.1859168999) 0.00041649312786339016
(4, 1, 1, 0, 984908.8858659) 0.00041649312786339016
(4, 1, 0, 1, 987373.8511829999) 0.00041649312786339016
(4, 0, 0, 0, 999943.0257569) 0.00041649312786339016
(4, 1, 0, 0, 987583.1058369) 0.0012494793835901704
(4, 2, 1, 1, 972367.4178901) 0.00041649312786339016
(4, 1, 2, 1, 982053.1178391001) 0.00041649312786339016
(4, 1, 1, 2, 984518.0831562) 0.00041649312786339016
(4, 0, 1, 1, 997087.2577301001) 0.00041649312786339016
(4, 1, 0, 1, 987401.5577811) 0.00041649312786339016
(4, 1, 1, 0, 984936.5924640001) 0.00041649312786339016
(4, 1, 1, 1, 984727.3378101) 0.00041649312786339016
(4, 1, 0, 1, 987452.9781971) 0.00041649312786339016
(4, 0, 1, 1, 997138.6781461) 0.00041649312786339016
(4, 0, 0, 2, 999603.6434632) 0.00041649312786339016
(4, 0, 0, 1, 999812.8981171) 0.0012494793835901704
(4, 0, 0, 0, 1000022.152771) 0.00041649312786339016
(4, 1, 1, 0, 984993.2457299) 0.00041649312786339016
(4, 0, 2, 0, 994678.9456789) 0.00041649312786339016
(4, 0, 1, 1, 997143.9109959999) 0.00041649312786339016
(4, 0, 1, 0, 997353.1656499) 0.0012494793835901704
(4, 0, 0, 0, 1000027.3856209) 0.00041649312786339016
(4, 2, 0, 0, 975226.1612826) 0.00041649312786339016
(4, 1, 1, 0, 984911.8612316) 0.00041649312786339016
(4, 1, 0, 1, 987376.8265487) 0.00041649312786339016
(4, 0, 0, 0, 999946.0011226) 0.00041649312786339016
(4, 1, 0, 0, 987586.0812026) 0.0012494793835901704
(4, 1, 1, 0, 984972.0013756) 0.00041649312786339016
(4, 0, 2, 0, 994657.7013246) 0.00041649312786339016
(4, 0, 1, 1, 997122.6666417) 0.00041649312786339016
(4, 0, 1, 0, 997331.9212956) 0.0012494793835901704
(4, 0, 0, 0, 1000006.1412666) 0.00041649312786339016
(4, 1, 0, 1, 987431.7338428) 0.00041649312786339016
(4, 0, 1, 1, 997117.4337918) 0.00041649312786339016
(4, 0, 0, 2, 999582.3991089) 0.00041649312786339016
(4, 0, 0, 1, 999791.6537628) 0.0012494793835901704
(4, 0, 0, 0, 1000000.9084167001) 0.00041649312786339016
(4, 1, 0, 0, 987641.8614826) 0.0016659725114535606
(4, 0, 1, 0, 997327.5614316) 0.0016659725114535606
(4, 0, 0, 1, 999792.5267487) 0.0016659725114535606
(4, 0, 0, 0, 1000001.7814026) 0.006663890045814243
(4, 2, 1, 0, 972551.800053) 0.0016659725114535606
(4, 1, 2, 0, 982237.500002) 0.0016659725114535606
(4, 1, 1, 1, 984702.4653191) 0.0016659725114535606
(4, 0, 1, 0, 997271.639893) 0.0016659725114535606
(4, 1, 0, 0, 987585.939944) 0.0016659725114535606
(4, 1, 1, 0, 984911.719973) 0.0033319450229071213
(4, 1, 1, 1, 984697.2324692) 0.0016659725114535606
(4, 0, 0, 1, 999731.3723602) 0.0016659725114535606
(4, 1, 0, 1, 987371.4524402) 0.0033319450229071213
(4, 1, 0, 0, 987580.7070941001) 0.0016659725114535606
(4, 1, 0, 0, 987637.3603599999) 0.0016659725114535606
(4, 0, 1, 0, 997323.060309) 0.0016659725114535606
(4, 0, 0, 1, 999788.0256260999) 0.0016659725114535606
(4, 0, 0, 0, 999997.28028) 0.006663890045814243
(4, 2, 0, 0, 975221.66016) 0.004997917534360682
(4, 1, 1, 0, 984907.360109) 0.004997917534360682
(4, 1, 0, 1, 987372.3254260999) 0.004997917534360682
(4, 0, 0, 0, 999941.5) 0.004997917534360682
(4, 1, 0, 0, 987581.58008) 0.014993752603082045
(4, 2, 1, 0, 972576.019773) 0.0016659725114535606
(4, 1, 2, 0, 982261.7197220001) 0.0016659725114535606
(4, 1, 1, 1, 984726.6850391) 0.0016659725114535606
(4, 0, 1, 0, 997295.8596130001) 0.0016659725114535606
(4, 1, 0, 0, 987610.159664) 0.0016659725114535606
(4, 1, 1, 0, 984935.939693) 0.0033319450229071213
(4, 1, 1, 1, 984781.5923332) 0.0016659725114535606
(4, 0, 1, 1, 997141.5122532) 0.0033319450229071213
(4, 0, 0, 1, 999815.7322242) 0.0016659725114535606
(4, 0, 1, 0, 997350.7669071001) 0.0016659725114535606
(4, 1, 1, 0, 984991.719973) 0.004997917534360682
(4, 0, 2, 0, 994677.419922) 0.004997917534360682
(4, 0, 1, 1, 997142.3852391) 0.004997917534360682
(4, 0, 1, 0, 997351.639893) 0.014993752603082045
(4, 0, 0, 0, 1000025.859864) 0.004997917534360682
(4, 1, 0, 0, 987661.58008) 0.0016659725114535606
(4, 0, 1, 0, 997347.280029) 0.0016659725114535606
(4, 0, 0, 1, 999812.2453461) 0.0016659725114535606
(4, 0, 0, 0, 1000021.5) 0.006663890045814243
(4, 2, 0, 1, 975013.9965945) 0.0016659725114535606
(4, 1, 1, 1, 984699.6965435001) 0.0016659725114535606
(4, 1, 0, 2, 987164.6618606) 0.0016659725114535606
(4, 0, 0, 1, 999733.8364345001) 0.0016659725114535606
(4, 1, 0, 1, 987373.9165145) 0.0033319450229071213
(4, 1, 0, 0, 987583.1711684001) 0.0016659725114535606
(4, 1, 1, 1, 984759.8366875) 0.0016659725114535606
(4, 0, 2, 1, 994445.5366365) 0.0016659725114535606
(4, 0, 1, 2, 996910.5019536) 0.0016659725114535606
(4, 0, 1, 1, 997119.7566075) 0.0033319450229071213
(4, 0, 0, 1, 999793.9765785) 0.0016659725114535606
(4, 0, 1, 0, 997329.0112614001) 0.0016659725114535606
(4, 1, 0, 1, 987429.6967945) 0.004997917534360682
(4, 0, 1, 1, 997115.3967435) 0.004997917534360682
(4, 0, 0, 2, 999580.3620606) 0.004997917534360682
(4, 0, 0, 1, 999789.6167145) 0.014993752603082045
(4, 0, 0, 0, 999998.8713684) 0.004997917534360682
(4, 1, 0, 0, 987639.8244343) 0.0016659725114535606
(4, 0, 1, 0, 997325.5243833) 0.0016659725114535606
(4, 0, 0, 1, 999790.4897003999) 0.0016659725114535606
(4, 0, 0, 0, 999999.7443543) 0.006663890045814243
(4, 2, 0, 0, 975224.37988) 0.0066638900458142435
(4, 1, 1, 0, 984910.079829) 0.0066638900458142435
(4, 1, 0, 1, 987375.0451461) 0.0066638900458142435
(4, 0, 0, 0, 999944.21972) 0.0066638900458142435
(4, 1, 0, 0, 987584.2998) 0.01999167013744273
(4, 1, 1, 0, 984970.219973) 0.0066638900458142435
(4, 0, 2, 0, 994655.919922) 0.0066638900458142435
(4, 0, 1, 1, 997120.8852391) 0.0066638900458142435
(4, 0, 1, 0, 997330.139893) 0.01999167013744273
(4, 0, 0, 0, 1000004.359864) 0.0066638900458142435
(4, 1, 0, 1, 987429.9524402) 0.0066638900458142435
(4, 0, 1, 1, 997115.6523892) 0.0066638900458142435
(4, 0, 0, 2, 999580.6177063) 0.0066638900458142435
(4, 0, 0, 1, 999789.8723602) 0.01999167013744273
(4, 0, 0, 0, 999999.1270141001) 0.0066638900458142435
(4, 1, 0, 0, 987640.08008) 0.026655560183256974
(4, 0, 1, 0, 997325.780029) 0.026655560183256974
(4, 0, 0, 1, 999790.7453461) 0.026655560183256974
(4, 0, 0, 0, 1000000) 0.1066222407330279
(4, 2, 0, 0, 840765.4316127499) 0.004997917534360682
(4, 1, 1, 0, 850451.13156175) 0.004997917534360682
(4, 1, 0, 1, 852916.0968788499) 0.004997917534360682
(4, 0, 0, 0, 865485.27145275) 0.004997917534360682
(4, 1, 0, 0, 853125.35153275) 0.014993752603082045
(4, 1, 1, 0, 850511.2717057499) 0.004997917534360682
(4, 0, 2, 0, 860196.9716547499) 0.004997917534360682
(4, 0, 1, 1, 862661.9369718499) 0.004997917534360682
(4, 0, 1, 0, 862871.1916257499) 0.014993752603082045
(4, 0, 0, 0, 865545.4115967499) 0.004997917534360682
(4, 1, 0, 1, 852971.0041729499) 0.004997917534360682
(4, 0, 1, 1, 862656.70412195) 0.004997917534360682
(4, 0, 0, 2, 865121.6694390499) 0.004997917534360682
(4, 0, 0, 1, 865330.92409295) 0.014993752603082045
(4, 0, 0, 0, 865540.17874685) 0.004997917534360682
(4, 1, 0, 0, 853181.1318127499) 0.019991670137442727
(4, 0, 1, 0, 862866.8317617499) 0.019991670137442727
(4, 0, 0, 1, 865331.7970788499) 0.019991670137442727
(4, 0, 0, 0, 865541.0517327499) 0.07996668054977091
(4, 2, 0, 1, 475014.88729579997) 0.0016659725114535606
(4, 1, 1, 1, 484700.5872448) 0.0016659725114535606
(4, 1, 0, 2, 487165.5525619) 0.0016659725114535606
(4, 0, 0, 1, 499734.7271358) 0.0016659725114535606
(4, 1, 0, 1, 487374.8072158) 0.0033319450229071213
(4, 1, 0, 0, 487584.0618697) 0.0016659725114535606
(4, 1, 1, 1, 484760.7273888) 0.0016659725114535606
(4, 0, 2, 1, 494446.42733780004) 0.0016659725114535606
(4, 0, 1, 2, 496911.39265490003) 0.0016659725114535606
(4, 0, 1, 1, 497120.6473088) 0.0033319450229071213
(4, 0, 0, 1, 499794.8672798) 0.0016659725114535606
(4, 0, 1, 0, 497329.9019627) 0.0016659725114535606
(4, 1, 0, 2, 487220.459856) 0.0016659725114535606
(4, 0, 1, 2, 496906.159805) 0.0016659725114535606
(4, 0, 0, 2, 499580.379776) 0.004997917534360682
(4, 0, 0, 1, 499789.6344299) 0.0016659725114535606
(4, 1, 0, 1, 487430.5874958) 0.004997917534360682
(4, 0, 1, 1, 497116.2874448) 0.004997917534360682
(4, 0, 0, 2, 499581.2527619) 0.004997917534360682
(4, 0, 0, 1, 499790.5074158) 0.014993752603082045
(4, 0, 0, 0, 499999.7620697) 0.004997917534360682
(4, 1, 0, 0, 487640.7151356) 0.0016659725114535606
(4, 0, 1, 0, 497326.41508460004) 0.0016659725114535606
(4, 0, 0, 1, 499791.38040170004) 0.0016659725114535606
(4, 0, 0, 0, 500000.6350556) 0.006663890045814243
(4, 1, 0, 0, 811500.2510093778) 0.012911286963765096
(4, 0, 1, 0, 821185.9509583778) 0.012911286963765096
(4, 0, 0, 1, 823650.9162754777) 0.012911286963765096
(4, 0, 0, 0, 823860.1709293778) 0.051645147855060386
(4, 0, 0, 0, 271345.2893964667) 0.008746355685131194
(4, 0, 0, 1, 786525.7221396235) 0.024989587671803412
(5, 2, 1, 0, 972540.169679) 0.0029154518950437313
(5, 1, 2, 0, 982256.30005) 0.0029154518950437313
(5, 1, 1, 1, 984722.4139115) 0.0029154518950437313
(5, 0, 1, 0, 997325.550539) 0.0029154518950437313
(5, 1, 0, 0, 987609.420168) 0.0029154518950437313
(5, 1, 1, 0, 984932.860109) 0.005830903790087463
(5, 2, 1, 0, 972517.0295350001) 5.949901826619859e-05
(5, 1, 2, 0, 982233.159906) 5.949901826619859e-05
(5, 1, 1, 1, 984699.2737675001) 5.949901826619859e-05
(5, 0, 1, 0, 997302.410395) 5.949901826619859e-05
(5, 1, 0, 0, 987586.2800240001) 5.949901826619859e-05
(5, 1, 1, 0, 984909.719965) 0.00011899803653239719
(5, 2, 0, 0, 975191.2495060001) 0.00017849705479859576
(5, 1, 1, 0, 984907.379877) 0.00017849705479859576
(5, 1, 0, 1, 987373.4937385) 0.00017849705479859576
(5, 0, 0, 0, 999976.630366) 0.00017849705479859576
(5, 1, 0, 0, 987583.939936) 0.0005354911643957873
(5, 2, 1, 0, 972577.169679) 5.949901826619859e-05
(5, 1, 2, 0, 982293.30005) 5.949901826619859e-05
(5, 1, 1, 1, 984759.4139115) 5.949901826619859e-05
(5, 0, 1, 0, 997362.550539) 5.949901826619859e-05
(5, 1, 0, 0, 987646.420168) 5.949901826619859e-05
(5, 1, 1, 0, 984969.860109) 0.00011899803653239719
(5, 1, 1, 0, 984937.089599) 0.00017849705479859576
(5, 0, 2, 0, 994653.21997) 0.00017849705479859576
(5, 0, 1, 1, 997119.3338315) 0.00017849705479859576
(5, 0, 1, 0, 997329.780029) 0.0005354911643957873
(5, 0, 0, 0, 1000006.340088) 0.00017849705479859576
(5, 1, 0, 0, 987611.30957) 5.949901826619859e-05
(5, 0, 1, 0, 997327.439941) 5.949901826619859e-05
(5, 0, 0, 1, 999793.5538025) 5.949901826619859e-05
(5, 0, 0, 0, 1000004.0) 0.00023799607306479437
(5, 1, 1, 1, 984670.3475801001) 5.949901826619859e-05
(5, 0, 2, 1, 994386.4779511) 5.949901826619859e-05
(5, 0, 1, 2, 996852.5918126) 5.949901826619859e-05
(5, 0, 1, 1, 997063.0380101) 0.00011899803653239719
(5, 0, 0, 1, 999739.5980691001) 5.949901826619859e-05
(5, 0, 1, 0, 997273.4842076) 5.949901826619859e-05
(5, 2, 0, 1, 974984.6476311) 5.949901826619859e-05
(5, 1, 1, 1, 984700.7780021) 5.949901826619859e-05
(5, 1, 0, 2, 987166.8918636) 5.949901826619859e-05
(5, 0, 0, 1, 999770.0284911) 5.949901826619859e-05
(5, 1, 0, 1, 987377.3380611) 0.00011899803653239719
(5, 1, 0, 0, 987587.7842586) 5.949901826619859e-05
(5, 2, 1, 0, 972519.6823140001) 5.949901826619859e-05
(5, 1, 2, 0, 982235.812685) 5.949901826619859e-05
(5, 1, 1, 1, 984701.9265465001) 5.949901826619859e-05
(5, 0, 1, 0, 997305.063174) 5.949901826619859e-05
(5, 1, 0, 0, 987588.9328030001) 5.949901826619859e-05
(5, 1, 1, 0, 984912.372744) 0.00011899803653239719
(5, 2, 1, 1, 972310.4276601) 5.949901826619859e-05
(5, 1, 2, 1, 982026.5580311) 5.949901826619859e-05
(5, 1, 1, 2, 984492.6718926) 5.949901826619859e-05
(5, 0, 1, 1, 997095.8085201) 5.949901826619859e-05
(5, 1, 0, 1, 987379.6781491) 5.949901826619859e-05
(5, 1, 1, 0, 984913.5642876) 5.949901826619859e-05
(5, 1, 1, 1, 984703.1180901) 5.949901826619859e-05
(5, 2, 0, 1, 975036.0680471) 5.949901826619859e-05
(5, 1, 1, 1, 984752.1984180999) 5.949901826619859e-05
(5, 1, 0, 2, 987218.3122796) 5.949901826619859e-05
(5, 0, 0, 1, 999821.4489070999) 5.949901826619859e-05
(5, 1, 0, 1, 987428.7584770999) 0.00011899803653239719
(5, 1, 0, 0, 987639.2046745999) 5.949901826619859e-05
(5, 1, 1, 1, 984721.7679961) 5.949901826619859e-05
(5, 0, 2, 1, 994437.8983670999) 5.949901826619859e-05
(5, 0, 1, 2, 996904.0122286) 5.949901826619859e-05
(5, 0, 1, 1, 997114.4584261) 0.00011899803653239719
(5, 0, 0, 1, 999791.0184851) 5.949901826619859e-05
(5, 0, 1, 0, 997324.9046236) 5.949901826619859e-05
(5, 1, 0, 0, 987605.242621) 5.949901826619859e-05
(5, 0, 1, 0, 997321.372992) 5.949901826619859e-05
(5, 0, 0, 1, 999787.4868535) 5.949901826619859e-05
(5, 0, 0, 0, 999997.933051) 0.00023799607306479437
(5, 3, 0, 0, 962830.4954869) 5.949901826619859e-05
(5, 2, 1, 0, 972546.6258578999) 5.949901826619859e-05
(5, 2, 0, 1, 975012.7397194) 5.949901826619859e-05
(5, 1, 0, 0, 987615.8763468999) 5.949901826619859e-05
(5, 2, 0, 0, 975223.1859168999) 0.0001784970547985958
(5, 2, 1, 0, 972516.1954359) 5.949901826619859e-05
(5, 1, 2, 0, 982232.3258068999) 5.949901826619859e-05
(5, 1, 1, 1, 984698.4396684) 5.949901826619859e-05
(5, 0, 1, 0, 997301.5762958999) 5.949901826619859e-05
(5, 1, 0, 0, 987585.4459249) 5.949901826619859e-05
(5, 1, 1, 0, 984908.8858659) 0.00011899803653239719
(5, 2, 0, 1, 974981.160753) 5.949901826619859e-05
(5, 1, 1, 1, 984697.2911239999) 5.949901826619859e-05
(5, 1, 0, 2, 987163.4049854999) 5.949901826619859e-05
(5, 0, 0, 1, 999766.5416129999) 5.949901826619859e-05
(5, 1, 0, 1, 987373.8511829999) 0.00011899803653239719
(5, 1, 0, 0, 987584.2973804999) 5.949901826619859e-05
(5, 1, 0, 0, 987550.3353269) 5.949901826619859e-05
(5, 0, 1, 0, 997266.4656978999) 5.949901826619859e-05
(5, 0, 0, 1, 999732.5795594) 5.949901826619859e-05
(5, 0, 0, 0, 999943.0257569) 0.00023799607306479437
(5, 2, 0, 0, 975190.4154069) 0.00017849705479859576
(5, 1, 1, 0, 984906.5457778999) 0.00017849705479859576
(5, 1, 0, 1, 987372.6596394) 0.00017849705479859576
(5, 0, 0, 0, 999975.7962668999) 0.00017849705479859576
(5, 1, 0, 0, 987583.1058369) 0.0005354911643957873
(5, 3, 1, 1, 959974.7274601001) 5.949901826619859e-05
(5, 2, 2, 1, 969690.8578311) 5.949901826619859e-05
(5, 2, 1, 2, 972156.9716926) 5.949901826619859e-05
(5, 1, 1, 1, 984760.1083201) 5.949901826619859e-05
(5, 2, 0, 1, 975043.9779491001) 5.949901826619859e-05
(5, 2, 1, 0, 972577.8640876) 5.949901826619859e-05
(5, 2, 1, 1, 972367.4178901) 5.949901826619859e-05
(5, 2, 2, 1, 969660.4274091001) 5.949901826619859e-05
(5, 1, 3, 1, 979376.5577801) 5.949901826619859e-05
(5, 1, 2, 2, 981842.6716416001) 5.949901826619859e-05
(5, 0, 2, 1, 994445.8082691) 5.949901826619859e-05
(5, 1, 1, 1, 984729.6778981001) 5.949901826619859e-05
(5, 1, 2, 0, 982263.5640366001) 5.949901826619859e-05
(5, 1, 2, 1, 982053.1178391001) 5.949901826619859e-05
(5, 2, 1, 2, 972125.3927262) 5.949901826619859e-05
(5, 1, 2, 2, 981841.5230972) 5.949901826619859e-05
(5, 1, 1, 3, 984307.6369587) 5.949901826619859e-05
(5, 0, 1, 2, 996910.7735862) 5.949901826619859e-05
(5, 1, 0, 2, 987194.6432152) 5.949901826619859e-05
(5, 1, 1, 1, 984728.5293537) 5.949901826619859e-05
(5, 1, 1, 2, 984518.0831562) 5.949901826619859e-05
(5, 1, 1, 1, 984694.5673001001) 5.949901826619859e-05
(5, 0, 2, 1, 994410.6976711) 5.949901826619859e-05
(5, 0, 1, 2, 996876.8115326001) 5.949901826619859e-05
(5, 0, 1, 1, 997087.2577301001) 0.00011899803653239719
(5, 0, 0, 1, 999763.8177891001) 5.949901826619859e-05
(5, 0, 1, 0, 997297.7039276) 5.949901826619859e-05
(5, 2, 0, 1, 975008.8673511001) 5.949901826619859e-05
(5, 1, 1, 1, 984724.9977221) 5.949901826619859e-05
(5, 1, 0, 2, 987191.1115836) 5.949901826619859e-05
(5, 0, 0, 1, 999794.2482111) 5.949901826619859e-05
(5, 1, 0, 1, 987401.5577811) 0.00011899803653239719
(5, 1, 0, 0, 987612.0039786) 5.949901826619859e-05
(5, 2, 1, 0, 972543.9020340001) 5.949901826619859e-05
(5, 1, 2, 0, 982260.0324050001) 5.949901826619859e-05
(5, 1, 1, 1, 984726.1462665001) 5.949901826619859e-05
(5, 0, 1, 0, 997329.2828940001) 5.949901826619859e-05
(5, 1, 0, 0, 987613.1525230001) 5.949901826619859e-05
(5, 1, 1, 0, 984936.5924640001) 0.00011899803653239719
(5, 2, 1, 1, 972334.6473801001) 5.949901826619859e-05
(5, 1, 2, 1, 982050.7777511) 5.949901826619859e-05
(5, 1, 1, 2, 984516.8916126001) 5.949901826619859e-05
(5, 0, 1, 1, 997120.0282401) 5.949901826619859e-05
(5, 1, 0, 1, 987403.8978691001) 5.949901826619859e-05
(5, 1, 1, 0, 984937.7840076) 5.949901826619859e-05
(5, 1, 1, 1, 984727.3378101) 5.949901826619859e-05
(5, 2, 0, 1, 975060.2877671) 5.949901826619859e-05
(5, 1, 1, 1, 984776.4181381) 5.949901826619859e-05
(5, 1, 0, 2, 987242.5319996) 5.949901826619859e-05
(5, 0, 0, 1, 999845.6686271) 5.949901826619859e-05
(5, 1, 0, 1, 987452.9781971) 0.00011899803653239719
(5, 1, 0, 0, 987663.4243946) 5.949901826619859e-05
(5, 1, 1, 1, 984745.9877161001) 5.949901826619859e-05
(5, 0, 2, 1, 994462.1180871) 5.949901826619859e-05
(5, 0, 1, 2, 996928.2319486) 5.949901826619859e-05
(5, 0, 1, 1, 997138.6781461) 0.00011899803653239719
(5, 0, 0, 1, 999815.2382051001) 5.949901826619859e-05
(5, 0, 1, 0, 997349.1243436) 5.949901826619859e-05
(5, 1, 0, 2, 987210.9530332) 5.949901826619859e-05
(5, 0, 1, 2, 996927.0834041999) 5.949901826619859e-05
(5, 0, 0, 3, 999393.1972657) 5.949901826619859e-05
(5, 0, 0, 2, 999603.6434632) 0.0001784970547985958
(5, 0, 0, 1, 999814.0896607) 5.949901826619859e-05
(5, 1, 0, 1, 987420.2076871) 0.00017849705479859576
(5, 0, 1, 1, 997136.3380581) 0.00017849705479859576
(5, 0, 0, 2, 999602.4519196) 0.00017849705479859576
(5, 0, 0, 1, 999812.8981171) 0.0005354911643957873
(5, 0, 0, 0, 1000023.3443146) 0.00017849705479859576
(5, 1, 0, 0, 987629.4623410001) 5.949901826619859e-05
(5, 0, 1, 0, 997345.592712) 5.949901826619859e-05
(5, 0, 0, 1, 999811.7065735001) 5.949901826619859e-05
(5, 0, 0, 0, 1000022.152771) 0.00023799607306479437
(5, 2, 1, 0, 972600.5552999) 5.949901826619859e-05
(5, 1, 2, 0, 982316.6856708999) 5.949901826619859e-05
(5, 1, 1, 1, 984782.7995324) 5.949901826619859e-05
(5, 0, 1, 0, 997385.9361598999) 5.949901826619859e-05
(5, 1, 0, 0, 987669.8057889) 5.949901826619859e-05
(5, 1, 1, 0, 984993.2457299) 0.00011899803653239719
(5, 1, 2, 0, 982286.2552489) 5.949901826619859e-05
(5, 0, 3, 0, 992002.3856199) 5.949901826619859e-05
(5, 0, 2, 1, 994468.4994814) 5.949901826619859e-05
(5, 0, 2, 0, 994678.9456789) 0.0001784970547985958
(5, 0, 1, 0, 997355.5057379) 5.949901826619859e-05
(5, 1, 1, 1, 984751.220566) 5.949901826619859e-05
(5, 0, 2, 1, 994467.3509369999) 5.949901826619859e-05
(5, 0, 1, 2, 996933.4647985) 5.949901826619859e-05
(5, 0, 1, 1, 997143.9109959999) 0.00011899803653239719
(5, 0, 0, 1, 999820.471055) 5.949901826619859e-05
(5, 0, 1, 0, 997354.3571934999) 5.949901826619859e-05
(5, 1, 1, 0, 984960.4752199) 0.00017849705479859576
(5, 0, 2, 0, 994676.6055908999) 0.00017849705479859576
(5, 0, 1, 1, 997142.7194524) 0.00017849705479859576
(5, 0, 1, 0, 997353.1656499) 0.0005354911643957873
(5, 0, 0, 0, 1000029.7257089) 0.00017849705479859576
(5, 1, 0, 0, 987634.6951909) 5.949901826619859e-05
(5, 0, 1, 0, 997350.8255618999) 5.949901826619859e-05
(5, 0, 0, 1, 999816.9394234) 5.949901826619859e-05
(5, 0, 0, 0, 1000027.3856209) 0.00023799607306479437
(5, 3, 0, 0, 962833.4708526001) 5.949901826619859e-05
(5, 2, 1, 0, 972549.6012236) 5.949901826619859e-05
(5, 2, 0, 1, 975015.7150851) 5.949901826619859e-05
(5, 1, 0, 0, 987618.8517126) 5.949901826619859e-05
(5, 2, 0, 0, 975226.1612826) 0.0001784970547985958
(5, 2, 1, 0, 972519.1708016001) 5.949901826619859e-05
(5, 1, 2, 0, 982235.3011726) 5.949901826619859e-05
(5, 1, 1, 1, 984701.4150341001) 5.949901826619859e-05
(5, 0, 1, 0, 997304.5516616) 5.949901826619859e-05
(5, 1, 0, 0, 987588.4212906001) 5.949901826619859e-05
(5, 1, 1, 0, 984911.8612316) 0.00011899803653239719
(5, 2, 0, 1, 974984.1361187) 5.949901826619859e-05
(5, 1, 1, 1, 984700.2664897) 5.949901826619859e-05
(5, 1, 0, 2, 987166.3803512) 5.949901826619859e-05
(5, 0, 0, 1, 999769.5169787) 5.949901826619859e-05
(5, 1, 0, 1, 987376.8265487) 0.00011899803653239719
(5, 1, 0, 0, 987587.2727462) 5.949901826619859e-05
(5, 1, 0, 0, 987553.3106926001) 5.949901826619859e-05
(5, 0, 1, 0, 997269.4410636) 5.949901826619859e-05
(5, 0, 0, 1, 999735.5549251001) 5.949901826619859e-05
(5, 0, 0, 0, 999946.0011226) 0.00023799607306479437
(5, 2, 0, 0, 975193.3907726001) 0.00017849705479859576
(5, 1, 1, 0, 984909.5211436) 0.00017849705479859576
(5, 1, 0, 1, 987375.6350051) 0.00017849705479859576
(5, 0, 0, 0, 999978.7716326) 0.00017849705479859576
(5, 1, 0, 0, 987586.0812026) 0.0005354911643957873
(5, 2, 1, 0, 972579.3109456) 5.949901826619859e-05
(5, 1, 2, 0, 982295.4413166) 5.949901826619859e-05
(5, 1, 1, 1, 984761.5551781) 5.949901826619859e-05
(5, 0, 1, 0, 997364.6918056) 5.949901826619859e-05
(5, 1, 0, 0, 987648.5614346) 5.949901826619859e-05
(5, 1, 1, 0, 984972.0013756) 0.00011899803653239719
(5, 1, 2, 0, 982265.0108946001) 5.949901826619859e-05
(5, 0, 3, 0, 991981.1412656) 5.949901826619859e-05
(5, 0, 2, 1, 994447.2551271) 5.949901826619859e-05
(5, 0, 2, 0, 994657.7013246) 0.0001784970547985958
(5, 0, 1, 0, 997334.2613836001) 5.949901826619859e-05
(5, 1, 1, 1, 984729.9762117) 5.949901826619859e-05
(5, 0, 2, 1, 994446.1065826999) 5.949901826619859e-05
(5, 0, 1, 2, 996912.2204442) 5.949901826619859e-05
(5, 0, 1, 1, 997122.6666417) 0.00011899803653239719
(5, 0, 0, 1, 999799.2267007) 5.949901826619859e-05
(5, 0, 1, 0, 997333.1128392) 5.949901826619859e-05
(5, 1, 1, 0, 984939.2308656) 0.00017849705479859576
(5, 0, 2, 0, 994655.3612366) 0.00017849705479859576
(5, 0, 1, 1, 997121.4750981) 0.00017849705479859576
(5, 0, 1, 0, 997331.9212956) 0.0005354911643957873
(5, 0, 0, 0, 1000008.4813546) 0.00017849705479859576
(5, 1, 0, 0, 987613.4508366) 5.949901826619859e-05
(5, 0, 1, 0, 997329.5812076) 5.949901826619859e-05
(5, 0, 0, 1, 999795.6950691) 5.949901826619859e-05
(5, 0, 0, 0, 1000006.1412666) 0.00023799607306479437
(5, 2, 0, 1, 975039.0434128001) 5.949901826619859e-05
(5, 1, 1, 1, 984755.1737838) 5.949901826619859e-05
(5, 1, 0, 2, 987221.2876453) 5.949901826619859e-05
(5, 0, 0, 1, 999824.4242728) 5.949901826619859e-05
(5, 1, 0, 1, 987431.7338428) 0.00011899803653239719
(5, 1, 0, 0, 987642.1800403) 5.949901826619859e-05
(5, 1, 1, 1, 984724.7433618001) 5.949901826619859e-05
(5, 0, 2, 1, 994440.8737328) 5.949901826619859e-05
(5, 0, 1, 2, 996906.9875943001) 5.949901826619859e-05
(5, 0, 1, 1, 997117.4337918) 0.00011899803653239719
(5, 0, 0, 1, 999793.9938508001) 5.949901826619859e-05
(5, 0, 1, 0, 997327.8799893) 5.949901826619859e-05
(5, 1, 0, 2, 987189.7086789) 5.949901826619859e-05
(5, 0, 1, 2, 996905.8390499) 5.949901826619859e-05
(5, 0, 0, 3, 999371.9529114) 5.949901826619859e-05
(5, 0, 0, 2, 999582.3991089) 0.0001784970547985958
(5, 0, 0, 1, 999792.8453064) 5.949901826619859e-05
(5, 1, 0, 1, 987398.9633328001) 0.00017849705479859576
(5, 0, 1, 1, 997115.0937038) 0.00017849705479859576
(5, 0, 0, 2, 999581.2075653) 0.00017849705479859576
(5, 0, 0, 1, 999791.6537628) 0.0005354911643957873
(5, 0, 0, 0, 1000002.0999603) 0.00017849705479859576
(5, 1, 0, 0, 987608.2179867001) 5.949901826619859e-05
(5, 0, 1, 0, 997324.3483577) 5.949901826619859e-05
(5, 0, 0, 1, 999790.4622192001) 5.949901826619859e-05
(5, 0, 0, 0, 1000000.9084167001) 0.00023799607306479437
(5, 2, 0, 0, 975249.1710526) 0.00023799607306479437
(5, 1, 1, 0, 984965.3014236) 0.00023799607306479437
(5, 1, 0, 1, 987431.4152851) 0.00023799607306479437
(5, 0, 0, 0, 1000034.5519125999) 0.00023799607306479437
(5, 1, 0, 0, 987641.8614826) 0.0007139882191943832
(5, 1, 1, 0, 984934.8710016) 0.00023799607306479437
(5, 0, 2, 0, 994651.0013726) 0.00023799607306479437
(5, 0, 1, 1, 997117.1152341) 0.00023799607306479437
(5, 0, 1, 0, 997327.5614316) 0.0007139882191943832
(5, 0, 0, 0, 1000004.1214906) 0.00023799607306479437
(5, 1, 0, 1, 987399.8363187) 0.00023799607306479437
(5, 0, 1, 1, 997115.9666896999) 0.00023799607306479437
(5, 0, 0, 2, 999582.0805512) 0.00023799607306479437
(5, 0, 0, 1, 999792.5267487) 0.0007139882191943832
(5, 0, 0, 0, 1000002.9729461999) 0.00023799607306479437
(5, 1, 0, 0, 987609.0909726) 0.0009519842922591775
(5, 0, 1, 0, 997325.2213436) 0.0009519842922591775
(5, 0, 0, 1, 999791.3352051) 0.0009519842922591775
(5, 0, 0, 0, 1000001.7814026) 0.00380793716903671
(5, 3, 1, 0, 960159.109623) 0.00023799607306479437
(5, 2, 2, 0, 969875.239994) 0.00023799607306479437
(5, 2, 1, 1, 972341.3538555) 0.00023799607306479437
(5, 1, 1, 0, 984944.490483) 0.00023799607306479437
(5, 2, 0, 0, 975228.360112) 0.00023799607306479437
(5, 2, 1, 0, 972551.800053) 0.00047599214612958874
(5, 2, 2, 0, 969844.809572) 0.00023799607306479437
(5, 1, 3, 0, 979560.939943) 0.00023799607306479437
(5, 1, 2, 1, 982027.0538045) 0.00023799607306479437
(5, 0, 2, 0, 994630.190432) 0.00023799607306479437
(5, 1, 1, 0, 984914.060061) 0.00023799607306479437
(5, 1, 2, 0, 982237.500002) 0.00047599214612958874
(5, 2, 1, 1, 972309.7748891) 0.00023799607306479437
(5, 1, 2, 1, 982025.9052600999) 0.00023799607306479437
(5, 1, 1, 2, 984492.0191216) 0.00023799607306479437
(5, 0, 1, 1, 997095.1557490999) 0.00023799607306479437
(5, 1, 0, 1, 987379.0253781) 0.00023799607306479437
(5, 1, 1, 0, 984912.9115165999) 0.00023799607306479437
(5, 1, 1, 1, 984702.4653191) 0.00023799607306479437
(5, 1, 1, 0, 984878.949463) 0.00023799607306479437
(5, 0, 2, 0, 994595.079834) 0.00023799607306479437
(5, 0, 1, 1, 997061.1936955) 0.00023799607306479437
(5, 0, 1, 0, 997271.639893) 0.0007139882191943832
(5, 0, 0, 0, 999948.199952) 0.00023799607306479437
(5, 2, 0, 0, 975193.249514) 0.00023799607306479437
(5, 1, 1, 0, 984909.379885) 0.00023799607306479437
(5, 1, 0, 1, 987375.4937465) 0.00023799607306479437
(5, 0, 0, 0, 999978.630374) 0.00023799607306479437
(5, 1, 0, 0, 987585.939944) 0.0007139882191943832
(5, 2, 1, 0, 972519.029543) 0.00047599214612958874
(5, 1, 2, 0, 982235.159914) 0.00047599214612958874
(5, 1, 1, 1, 984701.2737755) 0.00047599214612958874
(5, 0, 1, 0, 997304.410403) 0.00047599214612958874
(5, 1, 0, 0, 987588.280032) 0.00047599214612958874
(5, 1, 1, 0, 984911.719973) 0.0009519842922591775
(5, 2, 1, 1, 972304.5420392001) 0.00023799607306479437
(5, 1, 2, 1, 982020.6724102) 0.00023799607306479437
(5, 1, 1, 2, 984486.7862717) 0.00023799607306479437
(5, 0, 1, 1, 997089.9228992) 0.00023799607306479437
(5, 1, 0, 1, 987373.7925282001) 0.00023799607306479437
(5, 1, 1, 0, 984907.6786667) 0.00023799607306479437
(5, 1, 1, 1, 984697.2324692) 0.00023799607306479437
(5, 1, 0, 1, 987338.6819302001) 0.00023799607306479437
(5, 0, 1, 1, 997054.8123012) 0.00023799607306479437
(5, 0, 0, 2, 999520.9261627) 0.00023799607306479437
(5, 0, 0, 1, 999731.3723602) 0.0007139882191943832
(5, 0, 0, 0, 999941.8185577) 0.00023799607306479437
(5, 2, 0, 1, 974978.7620102001) 0.00047599214612958874
(5, 1, 1, 1, 984694.8923812) 0.00047599214612958874
(5, 1, 0, 2, 987161.0062427) 0.00047599214612958874
(5, 0, 0, 1, 999764.1428702) 0.00047599214612958874
(5, 1, 0, 1, 987371.4524402) 0.0009519842922591775
(5, 1, 0, 0, 987581.8986377) 0.00047599214612958874
(5, 2, 0, 0, 975188.0166641001) 0.00023799607306479437
(5, 1, 1, 0, 984904.1470351) 0.00023799607306479437
(5, 1, 0, 1, 987370.2608966001) 0.00023799607306479437
(5, 0, 0, 0, 999973.3975241) 0.00023799607306479437
(5, 1, 0, 0, 987580.7070941001) 0.0007139882191943832
(5, 2, 0, 0, 975244.66993) 0.00023799607306479437
(5, 1, 1, 0, 984960.8003009999) 0.00023799607306479437
(5, 1, 0, 1, 987426.9141625) 0.00023799607306479437
(5, 0, 0, 0, 1000030.0507899999) 0.00023799607306479437
(5, 1, 0, 0, 987637.3603599999) 0.0007139882191943832
(5, 1, 1, 0, 984930.369879) 0.00023799607306479437
(5, 0, 2, 0, 994646.5002499999) 0.00023799607306479437
(5, 0, 1, 1, 997112.6141115) 0.00023799607306479437
(5, 0, 1, 0, 997323.060309) 0.0007139882191943832
(5, 0, 0, 0, 999999.620368) 0.00023799607306479437
(5, 1, 0, 1, 987395.3351961) 0.00023799607306479437
(5, 0, 1, 1, 997111.4655670999) 0.00023799607306479437
(5, 0, 0, 2, 999577.5794285999) 0.00023799607306479437
(5, 0, 0, 1, 999788.0256260999) 0.0007139882191943832
(5, 0, 0, 0, 999998.4718235999) 0.00023799607306479437
(5, 1, 0, 0, 987604.58985) 0.0009519842922591775
(5, 0, 1, 0, 997320.7202209999) 0.0009519842922591775
(5, 0, 0, 1, 999786.8340825) 0.0009519842922591775
(5, 0, 0, 0, 999997.28028) 0.00380793716903671
(5, 3, 0, 0, 962828.96973) 0.0007139882191943831
(5, 2, 1, 0, 972545.1001009999) 0.0007139882191943831
(5, 2, 0, 1, 975011.2139625) 0.0007139882191943831
(5, 1, 0, 0, 987614.3505899999) 0.0007139882191943831
(5, 2, 0, 0, 975221.66016) 0.002141964657583149
(5, 2, 1, 0, 972514.669679) 0.0007139882191943831
(5, 1, 2, 0, 982230.80005) 0.0007139882191943831
(5, 1, 1, 1, 984696.9139115) 0.0007139882191943831
(5, 0, 1, 0, 997300.050539) 0.0007139882191943831
(5, 1, 0, 0, 987583.920168) 0.0007139882191943831
(5, 1, 1, 0, 984907.360109) 0.0014279764383887661
(5, 2, 0, 1, 974979.6349961) 0.0007139882191943831
(5, 1, 1, 1, 984695.7653670999) 0.0007139882191943831
(5, 1, 0, 2, 987161.8792286) 0.0007139882191943831
(5, 0, 0, 1, 999765.0158560999) 0.0007139882191943831
(5, 1, 0, 1, 987372.3254260999) 0.0014279764383887661
(5, 1, 0, 0, 987582.7716235999) 0.0007139882191943831
(5, 1, 0, 0, 987548.80957) 0.0007139882191943831
(5, 0, 1, 0, 997264.939941) 0.0007139882191943831
(5, 0, 0, 1, 999731.0538025) 0.0007139882191943831
(5, 0, 0, 0, 999941.5) 0.0028559528767775322
(5, 2, 0, 0, 975188.88965) 0.002141964657583149
(5, 1, 1, 0, 984905.020021) 0.002141964657583149
(5, 1, 0, 1, 987371.1338825) 0.002141964657583149
(5, 0, 0, 0, 999974.27051) 0.002141964657583149
(5, 1, 0, 0, 987581.58008) 0.006425893972749447
(5, 3, 1, 0, 960183.3293430001) 0.00023799607306479437
(5, 2, 2, 0, 969899.459714) 0.00023799607306479437
(5, 2, 1, 1, 972365.5735755) 0.00023799607306479437
(5, 1, 1, 0, 984968.710203) 0.00023799607306479437
(5, 2, 0, 0, 975252.5798320001) 0.00023799607306479437
(5, 2, 1, 0, 972576.019773) 0.00047599214612958874
(5, 2, 2, 0, 969869.0292920001) 0.00023799607306479437
(5, 1, 3, 0, 979585.159663) 0.00023799607306479437
(5, 1, 2, 1, 982051.2735245001) 0.00023799607306479437
(5, 0, 2, 0, 994654.410152) 0.00023799607306479437
(5, 1, 1, 0, 984938.2797810001) 0.00023799607306479437
(5, 1, 2, 0, 982261.7197220001) 0.00047599214612958874
(5, 2, 1, 1, 972333.9946091) 0.00023799607306479437
(5, 1, 2, 1, 982050.1249801) 0.00023799607306479437
(5, 1, 1, 2, 984516.2388416) 0.00023799607306479437
(5, 0, 1, 1, 997119.3754691) 0.00023799607306479437
(5, 1, 0, 1, 987403.2450981) 0.00023799607306479437
(5, 1, 1, 0, 984937.1312366) 0.00023799607306479437
(5, 1, 1, 1, 984726.6850391) 0.00023799607306479437
(5, 1, 1, 0, 984903.1691830001) 0.00023799607306479437
(5, 0, 2, 0, 994619.299554) 0.00023799607306479437
(5, 0, 1, 1, 997085.4134155001) 0.00023799607306479437
(5, 0, 1, 0, 997295.8596130001) 0.0007139882191943832
(5, 0, 0, 0, 999972.4196720001) 0.00023799607306479437
(5, 2, 0, 0, 975217.4692340001) 0.00023799607306479437
(5, 1, 1, 0, 984933.599605) 0.00023799607306479437
(5, 1, 0, 1, 987399.7134665) 0.00023799607306479437
(5, 0, 0, 0, 1000002.850094) 0.00023799607306479437
(5, 1, 0, 0, 987610.159664) 0.0007139882191943832
(5, 2, 1, 0, 972543.2492630001) 0.00047599214612958874
(5, 1, 2, 0, 982259.379634) 0.00047599214612958874
(5, 1, 1, 1, 984725.4934955001) 0.00047599214612958874
(5, 0, 1, 0, 997328.630123) 0.00047599214612958874
(5, 1, 0, 0, 987612.4997520001) 0.00047599214612958874
(5, 1, 1, 0, 984935.939693) 0.0009519842922591775
(5, 2, 1, 1, 972388.9019032001) 0.00023799607306479437
(5, 1, 2, 1, 982105.0322742) 0.00023799607306479437
(5, 1, 1, 2, 984571.1461357) 0.00023799607306479437
(5, 0, 1, 1, 997174.2827632) 0.00023799607306479437
(5, 1, 0, 1, 987458.1523922001) 0.00023799607306479437
(5, 1, 1, 0, 984992.0385307) 0.00023799607306479437
(5, 1, 1, 1, 984781.5923332) 0.00023799607306479437
(5, 1, 1, 1, 984748.8218232001) 0.00047599214612958874
(5, 0, 2, 1, 994464.9521942) 0.00047599214612958874
(5, 0, 1, 2, 996931.0660557001) 0.00047599214612958874
(5, 0, 1, 1, 997141.5122532) 0.0009519842922591775
(5, 0, 0, 1, 999818.0723122001) 0.00047599214612958874
(5, 0, 1, 0, 997351.9584507) 0.00047599214612958874
(5, 1, 0, 1, 987423.0417942001) 0.00023799607306479437
(5, 0, 1, 1, 997139.1721652) 0.00023799607306479437
(5, 0, 0, 2, 999605.2860267) 0.00023799607306479437
(5, 0, 0, 1, 999815.7322242) 0.0007139882191943832
(5, 0, 0, 0, 1000026.1784217) 0.00023799607306479437
(5, 1, 1, 0, 984958.0764771001) 0.00023799607306479437
(5, 0, 2, 0, 994674.2068481001) 0.00023799607306479437
(5, 0, 1, 1, 997140.3207096001) 0.00023799607306479437
(5, 0, 1, 0, 997350.7669071001) 0.0007139882191943832
(5, 0, 0, 0, 1000027.3269661001) 0.00023799607306479437
(5, 2, 1, 0, 972599.029543) 0.0007139882191943831
(5, 1, 2, 0, 982315.159914) 0.0007139882191943831
(5, 1, 1, 1, 984781.2737755) 0.0007139882191943831
(5, 0, 1, 0, 997384.410403) 0.0007139882191943831
(5, 1, 0, 0, 987668.280032) 0.0007139882191943831
(5, 1, 1, 0, 984991.719973) 0.0014279764383887661
(5, 1, 2, 0, 982284.7294920001) 0.0007139882191943831
(5, 0, 3, 0, 992000.859863) 0.0007139882191943831
(5, 0, 2, 1, 994466.9737245) 0.0007139882191943831
(5, 0, 2, 0, 994677.419922) 0.002141964657583149
(5, 0, 1, 0, 997353.9799810001) 0.0007139882191943831
(5, 1, 1, 1, 984749.6948091) 0.0007139882191943831
(5, 0, 2, 1, 994465.8251800999) 0.0007139882191943831
(5, 0, 1, 2, 996931.9390416) 0.0007139882191943831
(5, 0, 1, 1, 997142.3852391) 0.0014279764383887661
(5, 0, 0, 1, 999818.9452981) 0.0007139882191943831
(5, 0, 1, 0, 997352.8314366) 0.0007139882191943831
(5, 1, 1, 0, 984958.949463) 0.002141964657583149
(5, 0, 2, 0, 994675.079834) 0.002141964657583149
(5, 0, 1, 1, 997141.1936955) 0.002141964657583149
(5, 0, 1, 0, 997351.639893) 0.006425893972749447
(5, 0, 0, 0, 1000028.199952) 0.002141964657583149
(5, 1, 0, 0, 987633.169434) 0.0007139882191943831
(5, 0, 1, 0, 997349.299805) 0.0007139882191943831
(5, 0, 0, 1, 999815.4136665) 0.0007139882191943831
(5, 0, 0, 0, 1000025.859864) 0.0028559528767775322
(5, 2, 0, 0, 975268.88965) 0.00023799607306479437
(5, 1, 1, 0, 984985.020021) 0.00023799607306479437
(5, 1, 0, 1, 987451.1338825) 0.00023799607306479437
(5, 0, 0, 0, 1000054.27051) 0.00023799607306479437
(5, 1, 0, 0, 987661.58008) 0.0007139882191943832
(5, 1, 1, 0, 984954.589599) 0.00023799607306479437
(5, 0, 2, 0, 994670.71997) 0.00023799607306479437
(5, 0, 1, 1, 997136.8338315) 0.00023799607306479437
(5, 0, 1, 0, 997347.280029) 0.0007139882191943832
(5, 0, 0, 0, 1000023.840088) 0.00023799607306479437
(5, 1, 0, 1, 987419.5549161) 0.00023799607306479437
(5, 0, 1, 1, 997135.6852870999) 0.00023799607306479437
(5, 0, 0, 2, 999601.7991486) 0.00023799607306479437
(5, 0, 0, 1, 999812.2453461) 0.0007139882191943832
(5, 0, 0, 0, 1000022.6915435999) 0.00023799607306479437
(5, 1, 0, 0, 987628.80957) 0.0009519842922591775
(5, 0, 1, 0, 997344.939941) 0.0009519842922591775
(5, 0, 0, 1, 999811.0538025) 0.0009519842922591775
(5, 0, 0, 0, 1000021.5) 0.00380793716903671
(5, 3, 0, 1, 962621.3061645001) 0.00023799607306479437
(5, 2, 1, 1, 972337.4365355) 0.00023799607306479437
(5, 2, 0, 2, 974803.550397) 0.00023799607306479437
(5, 1, 0, 1, 987406.6870245) 0.00023799607306479437
(5, 2, 0, 1, 975013.9965945) 0.00047599214612958874
(5, 2, 0, 0, 975224.442792) 0.00023799607306479437
(5, 2, 1, 1, 972307.0061135001) 0.00023799607306479437
(5, 1, 2, 1, 982023.1364845) 0.00023799607306479437
(5, 1, 1, 2, 984489.2503460001) 0.00023799607306479437
(5, 0, 1, 1, 997092.3869735) 0.00023799607306479437
(5, 1, 0, 1, 987376.2566025001) 0.00023799607306479437
(5, 1, 1, 0, 984910.142741) 0.00023799607306479437
(5, 1, 1, 1, 984699.6965435001) 0.00023799607306479437
(5, 2, 0, 2, 974771.9714306) 0.00023799607306479437
(5, 1, 1, 2, 984488.1018016) 0.00023799607306479437
(5, 1, 0, 3, 986954.2156631) 0.00023799607306479437
(5, 0, 0, 2, 999557.3522906) 0.00023799607306479437
(5, 1, 0, 2, 987164.6618606) 0.00047599214612958874
(5, 1, 0, 1, 987375.1080581) 0.00023799607306479437
(5, 1, 0, 1, 987341.1460045001) 0.00023799607306479437
(5, 0, 1, 1, 997057.2763755) 0.00023799607306479437
(5, 0, 0, 2, 999523.3902370001) 0.00023799607306479437
(5, 0, 0, 1, 999733.8364345001) 0.0007139882191943832
(5, 0, 0, 0, 999944.282632) 0.00023799607306479437
(5, 2, 0, 1, 974981.2260845001) 0.00047599214612958874
(5, 1, 1, 1, 984697.3564555) 0.00047599214612958874
(5, 1, 0, 2, 987163.470317) 0.00047599214612958874
(5, 0, 0, 1, 999766.6069445) 0.00047599214612958874
(5, 1, 0, 1, 987373.9165145) 0.0009519842922591775
(5, 1, 0, 0, 987584.362712) 0.00047599214612958874
(5, 2, 0, 0, 975190.4807384001) 0.00023799607306479437
(5, 1, 1, 0, 984906.6111094) 0.00023799607306479437
(5, 1, 0, 1, 987372.7249709001) 0.00023799607306479437
(5, 0, 0, 0, 999975.8615984) 0.00023799607306479437
(5, 1, 0, 0, 987583.1711684001) 0.0007139882191943832
(5, 2, 1, 1, 972367.1462575) 0.00023799607306479437
(5, 1, 2, 1, 982083.2766285) 0.00023799607306479437
(5, 1, 1, 2, 984549.39049) 0.00023799607306479437
(5, 0, 1, 1, 997152.5271175) 0.00023799607306479437
(5, 1, 0, 1, 987436.3967465) 0.00023799607306479437
(5, 1, 1, 0, 984970.282885) 0.00023799607306479437
(5, 1, 1, 1, 984759.8366875) 0.00023799607306479437
(5, 1, 2, 1, 982052.8462065001) 0.00023799607306479437
(5, 0, 3, 1, 991768.9765775) 0.00023799607306479437
(5, 0, 2, 2, 994235.090439) 0.00023799607306479437
(5, 0, 2, 1, 994445.5366365) 0.00047599214612958874
(5, 0, 1, 1, 997122.0966955001) 0.00023799607306479437
(5, 0, 2, 0, 994655.982834) 0.00023799607306479437
(5, 1, 1, 2, 984517.8115236) 0.00023799607306479437
(5, 0, 2, 2, 994233.9418945999) 0.00023799607306479437
(5, 0, 1, 3, 996700.0557561) 0.00023799607306479437
(5, 0, 1, 2, 996910.5019536) 0.00047599214612958874
(5, 0, 0, 2, 999587.0620126) 0.00023799607306479437
(5, 0, 1, 1, 997120.9481511) 0.00023799607306479437
(5, 1, 1, 1, 984727.0661775001) 0.00047599214612958874
(5, 0, 2, 1, 994443.1965485) 0.00047599214612958874
(5, 0, 1, 2, 996909.31041) 0.00047599214612958874
(5, 0, 1, 1, 997119.7566075) 0.0009519842922591775
(5, 0, 0, 1, 999796.3166665001) 0.00047599214612958874
(5, 0, 1, 0, 997330.202805) 0.00047599214612958874
(5, 1, 0, 1, 987401.2861485) 0.00023799607306479437
(5, 0, 1, 1, 997117.4165195) 0.00023799607306479437
(5, 0, 0, 2, 999583.530381) 0.00023799607306479437
(5, 0, 0, 1, 999793.9765785) 0.0007139882191943832
(5, 0, 0, 0, 1000004.422776) 0.00023799607306479437
(5, 1, 1, 0, 984936.3208314001) 0.00023799607306479437
(5, 0, 2, 0, 994652.4512024) 0.00023799607306479437
(5, 0, 1, 1, 997118.5650639001) 0.00023799607306479437
(5, 0, 1, 0, 997329.0112614001) 0.0007139882191943832
(5, 0, 0, 0, 1000005.5713204001) 0.00023799607306479437
(5, 2, 0, 1, 975037.0063645) 0.0007139882191943831
(5, 1, 1, 1, 984753.1367355) 0.0007139882191943831
(5, 1, 0, 2, 987219.250597) 0.0007139882191943831
(5, 0, 0, 1, 999822.3872245) 0.0007139882191943831
(5, 1, 0, 1, 987429.6967945) 0.0014279764383887661
(5, 1, 0, 0, 987640.142992) 0.0007139882191943831
(5, 1, 1, 1, 984722.7063135001) 0.0007139882191943831
(5, 0, 2, 1, 994438.8366845) 0.0007139882191943831
(5, 0, 1, 2, 996904.950546) 0.0007139882191943831
(5, 0, 1, 1, 997115.3967435) 0.0014279764383887661
(5, 0, 0, 1, 999791.9568025001) 0.0007139882191943831
(5, 0, 1, 0, 997325.842941) 0.0007139882191943831
(5, 1, 0, 2, 987187.6716306) 0.0007139882191943831
(5, 0, 1, 2, 996903.8020015999) 0.0007139882191943831
(5, 0, 0, 3, 999369.9158631) 0.0007139882191943831
(5, 0, 0, 2, 999580.3620606) 0.002141964657583149
(5, 0, 0, 1, 999790.8082581) 0.0007139882191943831
(5, 1, 0, 1, 987396.9262845) 0.002141964657583149
(5, 0, 1, 1, 997113.0566555) 0.002141964657583149
(5, 0, 0, 2, 999579.170517) 0.002141964657583149
(5, 0, 0, 1, 999789.6167145) 0.006425893972749447
(5, 0, 0, 0, 1000000.062912) 0.002141964657583149
(5, 1, 0, 0, 987606.1809384001) 0.0007139882191943831
(5, 0, 1, 0, 997322.3113094) 0.0007139882191943831
(5, 0, 0, 1, 999788.4251709001) 0.0007139882191943831
(5, 0, 0, 0, 999998.8713684) 0.0028559528767775322
(5, 2, 0, 0, 975247.1340043) 0.00023799607306479437
(5, 1, 1, 0, 984963.2643752999) 0.00023799607306479437
(5, 1, 0, 1, 987429.3782368) 0.00023799607306479437
(5, 0, 0, 0, 1000032.5148642999) 0.00023799607306479437
(5, 1, 0, 0, 987639.8244343) 0.0007139882191943832
(5, 1, 1, 0, 984932.8339533) 0.00023799607306479437
(5, 0, 2, 0, 994648.9643243) 0.00023799607306479437
(5, 0, 1, 1, 997115.0781858) 0.00023799607306479437
(5, 0, 1, 0, 997325.5243833) 0.0007139882191943832
(5, 0, 0, 0, 1000002.0844423) 0.00023799607306479437
(5, 1, 0, 1, 987397.7992704) 0.00023799607306479437
(5, 0, 1, 1, 997113.9296413999) 0.00023799607306479437
(5, 0, 0, 2, 999580.0435028999) 0.00023799607306479437
(5, 0, 0, 1, 999790.4897003999) 0.0007139882191943832
(5, 0, 0, 0, 1000000.9358978999) 0.00023799607306479437
(5, 1, 0, 0, 987607.0539243) 0.0009519842922591775
(5, 0, 1, 0, 997323.1842952999) 0.0009519842922591775
(5, 0, 0, 1, 999789.2981568) 0.0009519842922591775
(5, 0, 0, 0, 999999.7443543) 0.00380793716903671
(5, 3, 0, 0, 962831.6894500001) 0.0009519842922591776
(5, 2, 1, 0, 972547.819821) 0.0009519842922591776
(5, 2, 0, 1, 975013.9336825) 0.0009519842922591776
(5, 1, 0, 0, 987617.07031) 0.0009519842922591776
(5, 2, 0, 0, 975224.37988) 0.0028559528767775327
(5, 2, 1, 0, 972517.3893990001) 0.0009519842922591776
(5, 1, 2, 0, 982233.51977) 0.0009519842922591776
(5, 1, 1, 1, 984699.6336315001) 0.0009519842922591776
(5, 0, 1, 0, 997302.770259) 0.0009519842922591776
(5, 1, 0, 0, 987586.6398880001) 0.0009519842922591776
(5, 1, 1, 0, 984910.079829) 0.0019039685845183552
(5, 2, 0, 1, 974982.3547161) 0.0009519842922591776
(5, 1, 1, 1, 984698.4850871) 0.0009519842922591776
(5, 1, 0, 2, 987164.5989486) 0.0009519842922591776
(5, 0, 0, 1, 999767.7355761) 0.0009519842922591776
(5, 1, 0, 1, 987375.0451461) 0.0019039685845183552
(5, 1, 0, 0, 987585.4913436) 0.0009519842922591776
(5, 1, 0, 0, 987551.5292900001) 0.0009519842922591776
(5, 0, 1, 0, 997267.659661) 0.0009519842922591776
(5, 0, 0, 1, 999733.7735225001) 0.0009519842922591776
(5, 0, 0, 0, 999944.21972) 0.0038079371690367104
(5, 2, 0, 0, 975191.6093700001) 0.0028559528767775327
(5, 1, 1, 0, 984907.739741) 0.0028559528767775327
(5, 1, 0, 1, 987373.8536025) 0.0028559528767775327
(5, 0, 0, 0, 999976.99023) 0.0028559528767775327
(5, 1, 0, 0, 987584.2998) 0.008567858630332598
(5, 2, 1, 0, 972577.529543) 0.0009519842922591776
(5, 1, 2, 0, 982293.659914) 0.0009519842922591776
(5, 1, 1, 1, 984759.7737755) 0.0009519842922591776
(5, 0, 1, 0, 997362.910403) 0.0009519842922591776
(5, 1, 0, 0, 987646.780032) 0.0009519842922591776
(5, 1, 1, 0, 984970.219973) 0.0019039685845183552
(5, 1, 2, 0, 982263.2294920001) 0.0009519842922591776
(5, 0, 3, 0, 991979.359863) 0.0009519842922591776
(5, 0, 2, 1, 994445.4737245) 0.0009519842922591776
(5, 0, 2, 0, 994655.919922) 0.0028559528767775327
(5, 0, 1, 0, 997332.4799810001) 0.0009519842922591776
(5, 1, 1, 1, 984728.1948091) 0.0009519842922591776
(5, 0, 2, 1, 994444.3251800999) 0.0009519842922591776
(5, 0, 1, 2, 996910.4390416) 0.0009519842922591776
(5, 0, 1, 1, 997120.8852391) 0.0019039685845183552
(5, 0, 0, 1, 999797.4452981) 0.0009519842922591776
(5, 0, 1, 0, 997331.3314366) 0.0009519842922591776
(5, 1, 1, 0, 984937.449463) 0.0028559528767775327
(5, 0, 2, 0, 994653.579834) 0.0028559528767775327
(5, 0, 1, 1, 997119.6936955) 0.0028559528767775327
(5, 0, 1, 0, 997330.139893) 0.008567858630332598
(5, 0, 0, 0, 1000006.699952) 0.0028559528767775327
(5, 1, 0, 0, 987611.669434) 0.0009519842922591776
(5, 0, 1, 0, 997327.799805) 0.0009519842922591776
(5, 0, 0, 1, 999793.9136665) 0.0009519842922591776
(5, 0, 0, 0, 1000004.359864) 0.0038079371690367104
(5, 2, 0, 1, 975037.2620102001) 0.0009519842922591776
(5, 1, 1, 1, 984753.3923812) 0.0009519842922591776
(5, 1, 0, 2, 987219.5062427) 0.0009519842922591776
(5, 0, 0, 1, 999822.6428702) 0.0009519842922591776
(5, 1, 0, 1, 987429.9524402) 0.0019039685845183552
(5, 1, 0, 0, 987640.3986377) 0.0009519842922591776
(5, 1, 1, 1, 984722.9619592001) 0.0009519842922591776
(5, 0, 2, 1, 994439.0923302) 0.0009519842922591776
(5, 0, 1, 2, 996905.2061917001) 0.0009519842922591776
(5, 0, 1, 1, 997115.6523892) 0.0019039685845183552
(5, 0, 0, 1, 999792.2124482001) 0.0009519842922591776
(5, 0, 1, 0, 997326.0985867) 0.0009519842922591776
(5, 1, 0, 2, 987187.9272763) 0.0009519842922591776
(5, 0, 1, 2, 996904.0576473) 0.0009519842922591776
(5, 0, 0, 3, 999370.1715088) 0.0009519842922591776
(5, 0, 0, 2, 999580.6177063) 0.0028559528767775327
(5, 0, 0, 1, 999791.0639038) 0.0009519842922591776
(5, 1, 0, 1, 987397.1819302001) 0.0028559528767775327
(5, 0, 1, 1, 997113.3123012) 0.0028559528767775327
(5, 0, 0, 2, 999579.4261627) 0.0028559528767775327
(5, 0, 0, 1, 999789.8723602) 0.008567858630332598
(5, 0, 0, 0, 1000000.3185577) 0.0028559528767775327
(5, 1, 0, 0, 987606.4365841001) 0.0009519842922591776
(5, 0, 1, 0, 997322.5669551) 0.0009519842922591776
(5, 0, 0, 1, 999788.6808166001) 0.0009519842922591776
(5, 0, 0, 0, 999999.1270141001) 0.0038079371690367104
(5, 2, 0, 0, 975247.38965) 0.0038079371690367104
(5, 1, 1, 0, 984963.520021) 0.0038079371690367104
(5, 1, 0, 1, 987429.6338825) 0.0038079371690367104
(5, 0, 0, 0, 1000032.77051) 0.0038079371690367104
(5, 1, 0, 0, 987640.08008) 0.01142381150711013
(5, 1, 1, 0, 984933.089599) 0.0038079371690367104
(5, 0, 2, 0, 994649.21997) 0.0038079371690367104
(5, 0, 1, 1, 997115.3338315) 0.0038079371690367104
(5, 0, 1, 0, 997325.780029) 0.01142381150711013
(5, 0, 0, 0, 1000002.340088) 0.0038079371690367104
(5, 1, 0, 1, 987398.0549161) 0.0038079371690367104
(5, 0, 1, 1, 997114.1852870999) 0.0038079371690367104
(5, 0, 0, 2, 999580.2991486) 0.0038079371690367104
(5, 0, 0, 1, 999790.7453461) 0.01142381150711013
(5, 0, 0, 0, 1000001.1915435999) 0.0038079371690367104
(5, 1, 0, 0, 987607.30957) 0.015231748676146841
(5, 0, 1, 0, 997323.439941) 0.015231748676146841
(5, 0, 0, 1, 999789.5538025) 0.015231748676146841
(5, 0, 0, 0, 1000000) 0.060926994704587366
(5, 3, 0, 0, 828372.74118275) 0.0007139882191943831
(5, 2, 1, 0, 838088.8715537499) 0.0007139882191943831
(5, 2, 0, 1, 840554.98541525) 0.0007139882191943831
(5, 1, 0, 0, 853158.1220427499) 0.0007139882191943831
(5, 2, 0, 0, 840765.4316127499) 0.002141964657583149
(5, 2, 1, 0, 838058.44113175) 0.0007139882191943831
(5, 1, 2, 0, 847774.5715027499) 0.0007139882191943831
(5, 1, 1, 1, 850240.68536425) 0.0007139882191943831
(5, 0, 1, 0, 862843.8219917499) 0.0007139882191943831
(5, 1, 0, 0, 853127.69162075) 0.0007139882191943831
(5, 1, 1, 0, 850451.13156175) 0.0014279764383887661
(5, 2, 0, 1, 840523.40644885) 0.0007139882191943831
(5, 1, 1, 1, 850239.5368198499) 0.0007139882191943831
(5, 1, 0, 2, 852705.6506813499) 0.0007139882191943831
(5, 0, 0, 1, 865308.7873088499) 0.0007139882191943831
(5, 1, 0, 1, 852916.0968788499) 0.0014279764383887661
(5, 1, 0, 0, 853126.5430763499) 0.0007139882191943831
(5, 1, 0, 0, 853092.58102275) 0.0007139882191943831
(5, 0, 1, 0, 862808.7113937499) 0.0007139882191943831
(5, 0, 0, 1, 865274.82525525) 0.0007139882191943831
(5, 0, 0, 0, 865485.27145275) 0.0028559528767775322
(5, 2, 0, 0, 840732.66110275) 0.002141964657583149
(5, 1, 1, 0, 850448.7914737499) 0.002141964657583149
(5, 1, 0, 1, 852914.90533525) 0.002141964657583149
(5, 0, 0, 0, 865518.0419627499) 0.002141964657583149
(5, 1, 0, 0, 853125.35153275) 0.006425893972749447
(5, 2, 1, 0, 838118.58127575) 0.0007139882191943831
(5, 1, 2, 0, 847834.7116467499) 0.0007139882191943831
(5, 1, 1, 1, 850300.8255082499) 0.0007139882191943831
(5, 0, 1, 0, 862903.9621357499) 0.0007139882191943831
(5, 1, 0, 0, 853187.83176475) 0.0007139882191943831
(5, 1, 1, 0, 850511.2717057499) 0.0014279764383887661
(5, 1, 2, 0, 847804.28122475) 0.0007139882191943831
(5, 0, 3, 0, 857520.4115957499) 0.0007139882191943831
(5, 0, 2, 1, 859986.52545725) 0.0007139882191943831
(5, 0, 2, 0, 860196.9716547499) 0.002141964657583149
(5, 0, 1, 0, 862873.53171375) 0.0007139882191943831
(5, 1, 1, 1, 850269.2465418499) 0.0007139882191943831
(5, 0, 2, 1, 859985.3769128498) 0.0007139882191943831
(5, 0, 1, 2, 862451.4907743499) 0.0007139882191943831
(5, 0, 1, 1, 862661.9369718499) 0.0014279764383887661
(5, 0, 0, 1, 865338.4970308499) 0.0007139882191943831
(5, 0, 1, 0, 862872.3831693499) 0.0007139882191943831
(5, 1, 1, 0, 850478.50119575) 0.002141964657583149
(5, 0, 2, 0, 860194.6315667499) 0.002141964657583149
(5, 0, 1, 1, 862660.7454282499) 0.002141964657583149
(5, 0, 1, 0, 862871.1916257499) 0.006425893972749447
(5, 0, 0, 0, 865547.75168475) 0.002141964657583149
(5, 1, 0, 0, 853152.72116675) 0.0007139882191943831
(5, 0, 1, 0, 862868.8515377499) 0.0007139882191943831
(5, 0, 0, 1, 865334.9653992499) 0.0007139882191943831
(5, 0, 0, 0, 865545.4115967499) 0.0028559528767775322
(5, 2, 0, 1, 840578.31374295) 0.0007139882191943831
(5, 1, 1, 1, 850294.4441139499) 0.0007139882191943831
(5, 1, 0, 2, 852760.55797545) 0.0007139882191943831
(5, 0, 0, 1, 865363.6946029499) 0.0007139882191943831
(5, 1, 0, 1, 852971.0041729499) 0.0014279764383887661
(5, 1, 0, 0, 853181.4503704499) 0.0007139882191943831
(5, 1, 1, 1, 850264.01369195) 0.0007139882191943831
(5, 0, 2, 1, 859980.1440629499) 0.0007139882191943831
(5, 0, 1, 2, 862446.25792445) 0.0007139882191943831
(5, 0, 1, 1, 862656.70412195) 0.0014279764383887661
(5, 0, 0, 1, 865333.26418095) 0.0007139882191943831
(5, 0, 1, 0, 862867.15031945) 0.0007139882191943831
(5, 1, 0, 2, 852728.97900905) 0.0007139882191943831
(5, 0, 1, 2, 862445.1093800499) 0.0007139882191943831
(5, 0, 0, 3, 864911.2232415499) 0.0007139882191943831
(5, 0, 0, 2, 865121.6694390499) 0.002141964657583149
(5, 0, 0, 1, 865332.1156365499) 0.0007139882191943831
(5, 1, 0, 1, 852938.23366295) 0.002141964657583149
(5, 0, 1, 1, 862654.3640339499) 0.002141964657583149
(5, 0, 0, 2, 865120.47789545) 0.002141964657583149
(5, 0, 0, 1, 865330.92409295) 0.006425893972749447
(5, 0, 0, 0, 865541.3702904499) 0.002141964657583149
(5, 1, 0, 0, 853147.48831685) 0.0007139882191943831
(5, 0, 1, 0, 862863.61868785) 0.0007139882191943831
(5, 0, 0, 1, 865329.73254935) 0.0007139882191943831
(5, 0, 0, 0, 865540.17874685) 0.0028559528767775322
(5, 2, 0, 0, 840788.4413827499) 0.0028559528767775322
(5, 1, 1, 0, 850504.5717537499) 0.0028559528767775322
(5, 1, 0, 1, 852970.6856152499) 0.0028559528767775322
(5, 0, 0, 0, 865573.8222427499) 0.0028559528767775322
(5, 1, 0, 0, 853181.1318127499) 0.008567858630332596
(5, 1, 1, 0, 850474.14133175) 0.0028559528767775322
(5, 0, 2, 0, 860190.2717027499) 0.0028559528767775322
(5, 0, 1, 1, 862656.3855642499) 0.0028559528767775322
(5, 0, 1, 0, 862866.8317617499) 0.008567858630332596
(5, 0, 0, 0, 865543.39182075) 0.0028559528767775322
(5, 1, 0, 1, 852939.1066488499) 0.0028559528767775322
(5, 0, 1, 1, 862655.2370198498) 0.0028559528767775322
(5, 0, 0, 2, 865121.3508813499) 0.0028559528767775322
(5, 0, 0, 1, 865331.7970788499) 0.008567858630332596
(5, 0, 0, 0, 865542.2432763499) 0.0028559528767775322
(5, 1, 0, 0, 853148.36130275) 0.011423811507110129
(5, 0, 1, 0, 862864.4916737499) 0.011423811507110129
(5, 0, 0, 1, 865330.6055352499) 0.011423811507110129
(5, 0, 0, 0, 865541.0517327499) 0.045695246028440516
(5, 3, 0, 1, 462622.19686579995) 0.00023799607306479437
(5, 2, 1, 1, 472338.3272368) 0.00023799607306479437
(5, 2, 0, 2, 474804.4410983) 0.00023799607306479437
(5, 1, 0, 1, 487407.5777258) 0.00023799607306479437
(5, 2, 0, 1, 475014.88729579997) 0.00047599214612958874
(5, 2, 0, 0, 475225.33349329996) 0.00023799607306479437
(5, 2, 1, 1, 472307.8968148) 0.00023799607306479437
(5, 1, 2, 1, 482024.0271858) 0.00023799607306479437
(5, 1, 1, 2, 484490.1410473) 0.00023799607306479437
(5, 0, 1, 1, 497093.2776748) 0.00023799607306479437
(5, 1, 0, 1, 487377.1473038) 0.00023799607306479437
(5, 1, 1, 0, 484911.0334423) 0.00023799607306479437
(5, 1, 1, 1, 484700.5872448) 0.00023799607306479437
(5, 2, 0, 2, 474772.8621319) 0.00023799607306479437
(5, 1, 1, 2, 484488.9925029) 0.00023799607306479437
(5, 1, 0, 3, 486955.1063644) 0.00023799607306479437
(5, 0, 0, 2, 499558.2429919) 0.00023799607306479437
(5, 1, 0, 2, 487165.5525619) 0.00047599214612958874
(5, 1, 0, 1, 487375.9987594) 0.00023799607306479437
(5, 1, 0, 1, 487342.0367058) 0.00023799607306479437
(5, 0, 1, 1, 497058.1670768) 0.00023799607306479437
(5, 0, 0, 2, 499524.2809383) 0.00023799607306479437
(5, 0, 0, 1, 499734.7271358) 0.0007139882191943832
(5, 0, 0, 0, 499945.1733333) 0.00023799607306479437
(5, 2, 0, 1, 474982.11678579997) 0.00047599214612958874
(5, 1, 1, 1, 484698.2471568) 0.00047599214612958874
(5, 1, 0, 2, 487164.3610183) 0.00047599214612958874
(5, 0, 0, 1, 499767.4976458) 0.00047599214612958874
(5, 1, 0, 1, 487374.8072158) 0.0009519842922591775
(5, 1, 0, 0, 487585.2534133) 0.00047599214612958874
(5, 2, 0, 0, 475191.37143969996) 0.00023799607306479437
(5, 1, 1, 0, 484907.5018107) 0.00023799607306479437
(5, 1, 0, 1, 487373.6156722) 0.00023799607306479437
(5, 0, 0, 0, 499976.7522997) 0.00023799607306479437
(5, 1, 0, 0, 487584.0618697) 0.0007139882191943832
(5, 2, 1, 1, 472368.0369588) 0.00023799607306479437
(5, 1, 2, 1, 482084.1673298) 0.00023799607306479437
(5, 1, 1, 2, 484550.2811913) 0.00023799607306479437
(5, 0, 1, 1, 497153.4178188) 0.00023799607306479437
(5, 1, 0, 1, 487437.2874478) 0.00023799607306479437
(5, 1, 1, 0, 484971.1735863) 0.00023799607306479437
(5, 1, 1, 1, 484760.7273888) 0.00023799607306479437
(5, 1, 2, 1, 482053.7369078) 0.00023799607306479437
(5, 0, 3, 1, 491769.86727880005) 0.00023799607306479437
(5, 0, 2, 2, 494235.98114030005) 0.00023799607306479437
(5, 0, 2, 1, 494446.42733780004) 0.00047599214612958874
(5, 0, 1, 1, 497122.9873968) 0.00023799607306479437
(5, 0, 2, 0, 494656.8735353) 0.00023799607306479437
(5, 1, 1, 2, 484518.7022249) 0.00023799607306479437
(5, 0, 2, 2, 494234.83259590005) 0.00023799607306479437
(5, 0, 1, 3, 496700.94645740004) 0.00023799607306479437
(5, 0, 1, 2, 496911.39265490003) 0.00047599214612958874
(5, 0, 0, 2, 499587.9527139) 0.00023799607306479437
(5, 0, 1, 1, 497121.8388524) 0.00023799607306479437
(5, 1, 1, 1, 484727.9568788) 0.00047599214612958874
(5, 0, 2, 1, 494444.08724980004) 0.00047599214612958874
(5, 0, 1, 2, 496910.20111130003) 0.00047599214612958874
(5, 0, 1, 1, 497120.6473088) 0.0009519842922591775
(5, 0, 0, 1, 499797.2073678) 0.00047599214612958874
(5, 0, 1, 0, 497331.0935063) 0.00047599214612958874
(5, 1, 0, 1, 487402.1768498) 0.00023799607306479437
(5, 0, 1, 1, 497118.3072208) 0.00023799607306479437
(5, 0, 0, 2, 499584.4210823) 0.00023799607306479437
(5, 0, 0, 1, 499794.8672798) 0.0007139882191943832
(5, 0, 0, 0, 500005.3134773) 0.00023799607306479437
(5, 1, 1, 0, 484937.2115327) 0.00023799607306479437
(5, 0, 2, 0, 494653.3419037) 0.00023799607306479437
(5, 0, 1, 1, 497119.4557652) 0.00023799607306479437
(5, 0, 1, 0, 497329.9019627) 0.0007139882191943832
(5, 0, 0, 0, 500006.4620217) 0.00023799607306479437
(5, 2, 0, 2, 474827.76942599996) 0.00023799607306479437
(5, 1, 1, 2, 484543.899797) 0.00023799607306479437
(5, 1, 0, 3, 487010.0136585) 0.00023799607306479437
(5, 0, 0, 2, 499613.150286) 0.00023799607306479437
(5, 1, 0, 2, 487220.459856) 0.00047599214612958874
(5, 1, 0, 1, 487430.90605349996) 0.00023799607306479437
(5, 1, 1, 2, 484513.469375) 0.00023799607306479437
(5, 0, 2, 2, 494229.599746) 0.00023799607306479437
(5, 0, 1, 3, 496695.7136075) 0.00023799607306479437
(5, 0, 1, 2, 496906.159805) 0.00047599214612958874
(5, 0, 0, 2, 499582.719864) 0.00023799607306479437
(5, 0, 1, 1, 497116.6060025) 0.00023799607306479437
(5, 1, 0, 2, 487187.68934599997) 0.0007139882191943831
(5, 0, 1, 2, 496903.819717) 0.0007139882191943831
(5, 0, 0, 3, 499369.9335785) 0.0007139882191943831
(5, 0, 0, 2, 499580.379776) 0.002141964657583149
(5, 0, 0, 1, 499790.8259735) 0.0007139882191943831
(5, 1, 0, 1, 487396.94399989996) 0.00023799607306479437
(5, 0, 1, 1, 497113.0743709) 0.00023799607306479437
(5, 0, 0, 2, 499579.1882324) 0.00023799607306479437
(5, 0, 0, 1, 499789.6344299) 0.0007139882191943832
(5, 0, 0, 0, 500000.08062739996) 0.00023799607306479437
(5, 2, 0, 1, 475037.8970658) 0.0007139882191943831
(5, 1, 1, 1, 484754.0274368) 0.0007139882191943831
(5, 1, 0, 2, 487220.1412983) 0.0007139882191943831
(5, 0, 0, 1, 499823.2779258) 0.0007139882191943831
(5, 1, 0, 1, 487430.5874958) 0.0014279764383887661
(5, 1, 0, 0, 487641.0336933) 0.0007139882191943831
(5, 1, 1, 1, 484723.5970148) 0.0007139882191943831
(5, 0, 2, 1, 494439.72738580004) 0.0007139882191943831
(5, 0, 1, 2, 496905.84124730004) 0.0007139882191943831
(5, 0, 1, 1, 497116.2874448) 0.0014279764383887661
(5, 0, 0, 1, 499792.8475038) 0.0007139882191943831
(5, 0, 1, 0, 497326.7336423) 0.0007139882191943831
(5, 1, 0, 2, 487188.5623319) 0.0007139882191943831
(5, 0, 1, 2, 496904.69270290004) 0.0007139882191943831
(5, 0, 0, 3, 499370.80656440003) 0.0007139882191943831
(5, 0, 0, 2, 499581.2527619) 0.002141964657583149
(5, 0, 0, 1, 499791.6989594) 0.0007139882191943831
(5, 1, 0, 1, 487397.8169858) 0.002141964657583149
(5, 0, 1, 1, 497113.9473568) 0.002141964657583149
(5, 0, 0, 2, 499580.0612183) 0.002141964657583149
(5, 0, 0, 1, 499790.5074158) 0.006425893972749447
(5, 0, 0, 0, 500000.9536133) 0.002141964657583149
(5, 1, 0, 0, 487607.0716397) 0.0007139882191943831
(5, 0, 1, 0, 497323.2020107) 0.0007139882191943831
(5, 0, 0, 1, 499789.3158722) 0.0007139882191943831
(5, 0, 0, 0, 499999.7620697) 0.0028559528767775322
(5, 2, 0, 0, 475248.0247056) 0.00023799607306479437
(5, 1, 1, 0, 484964.15507660003) 0.00023799607306479437
(5, 1, 0, 1, 487430.2689381) 0.00023799607306479437
(5, 0, 0, 0, 500033.4055656) 0.00023799607306479437
(5, 1, 0, 0, 487640.7151356) 0.0007139882191943832
(5, 1, 1, 0, 484933.7246546) 0.00023799607306479437
(5, 0, 2, 0, 494649.85502560006) 0.00023799607306479437
(5, 0, 1, 1, 497115.96888710005) 0.00023799607306479437
(5, 0, 1, 0, 497326.41508460004) 0.0007139882191943832
(5, 0, 0, 0, 500002.9751436) 0.00023799607306479437
(5, 1, 0, 1, 487398.6899717) 0.00023799607306479437
(5, 0, 1, 1, 497114.82034270006) 0.00023799607306479437
(5, 0, 0, 2, 499580.93420420005) 0.00023799607306479437
(5, 0, 0, 1, 499791.38040170004) 0.0007139882191943832
(5, 0, 0, 0, 500001.8265992) 0.00023799607306479437
(5, 1, 0, 0, 487607.9446256) 0.0009519842922591775
(5, 0, 1, 0, 497324.07499660004) 0.0009519842922591775
(5, 0, 0, 1, 499790.18885810004) 0.0009519842922591775
(5, 0, 0, 0, 500000.6350556) 0.00380793716903671
(5, 2, 0, 0, 799107.5605793778) 0.0018444695662521565
(5, 1, 1, 0, 808823.6909503777) 0.0018444695662521565
(5, 1, 0, 1, 811289.8048118778) 0.0018444695662521565
(5, 0, 0, 0, 823892.9414393777) 0.0018444695662521565
(5, 1, 0, 0, 811500.2510093778) 0.005533408698756469
(5, 1, 1, 0, 808793.2605283778) 0.0018444695662521565
(5, 0, 2, 0, 818509.3908993778) 0.0018444695662521565
(5, 0, 1, 1, 820975.5047608778) 0.0018444695662521565
(5, 0, 1, 0, 821185.9509583778) 0.005533408698756469
(5, 0, 0, 0, 823862.5110173778) 0.0018444695662521565
(5, 1, 0, 1, 811258.2258454778) 0.0018444695662521565
(5, 0, 1, 1, 820974.3562164777) 0.0018444695662521565
(5, 0, 0, 2, 823440.4700779777) 0.0018444695662521565
(5, 0, 0, 1, 823650.9162754777) 0.005533408698756469
(5, 0, 0, 0, 823861.3624729777) 0.0018444695662521565
(5, 1, 0, 0, 811467.4804993778) 0.007377878265008626
(5, 0, 1, 0, 821183.6108703777) 0.007377878265008626
(5, 0, 0, 1, 823649.7247318778) 0.007377878265008626
(5, 0, 0, 0, 823860.1709293778) 0.029511513060034505
(5, 1, 0, 0, 258952.5989664667) 0.0012494793835901704
(5, 0, 1, 0, 268668.7293374667) 0.0012494793835901704
(5, 0, 0, 1, 271134.8431989667) 0.0012494793835901704
(5, 0, 0, 0, 271345.2893964667) 0.004997917534360682
(5, 1, 0, 1, 774133.0317096235) 0.003569941095971916
(5, 0, 1, 1, 783849.1620806234) 0.003569941095971916
(5, 0, 0, 2, 786315.2759421235) 0.003569941095971916
(5, 0, 0, 1, 786525.7221396235) 0.010709823287915747
(5, 0, 0, 0, 786736.1683371235) 0.003569941095971916
